Normalised cooperation:
column       Aggressive  Cooperative   Neutral
index                                         
Aggressive     0.360188     0.406139  0.405659
Cooperative    0.455296     0.582317  0.579141
Neutral        0.454593     0.575274  0.571128

Payoffs:
column       Aggressive  Cooperative   Neutral
index                                         
Aggressive     1.969022     2.267255  2.269850
Cooperative    2.021469     2.439762  2.427784
Neutral        2.025182     2.447115  2.430176

Results Summary:
               Name  Median_score  Cooperation_rating  Wins  Initial_C_rate  Original_index   CC_rate   CD_rate   DC_rate   DD_rate  CC_to_C_rate  CD_to_C_rate  DC_to_C_rate  DD_to_C_rate
Rank                                                                                                                                                                                       
0         Neutral_7      2.314450            0.557620   5.0          0.9025              20  0.265045  0.292575  0.269428  0.172953      0.901230      0.100924      0.898734      0.271729
1         Neutral_1      2.313250            0.555530   5.0          0.9150              14  0.261582  0.293947  0.270845  0.173625      0.900669      0.099991      0.898778      0.271664
2         Neutral_3      2.311125            0.555930   5.0          0.8950              16  0.262445  0.293485  0.269693  0.174378      0.898472      0.100600      0.899897      0.271870
3     Cooperative_2      2.310150            0.556205   5.0          0.9100               8  0.263483  0.292722  0.268990  0.174805      0.899124      0.099767      0.899297      0.272565
4     Cooperative_4      2.309175            0.554602   6.0          0.8700              10  0.261747  0.292855  0.269773  0.175625      0.898507      0.099678      0.898746      0.269702
5         Neutral_2      2.308600            0.578785   1.0          0.8700              15  0.265025  0.313760  0.272832  0.148383      0.899009      0.101402      0.900756      0.445009
6     Cooperative_1      2.306650            0.577152   1.0          0.9075               7  0.262672  0.314480  0.273985  0.148862      0.900130      0.099207      0.897905      0.446265
7     Cooperative_7      2.306425            0.577237   1.0          0.9000              13  0.262717  0.314520  0.273705  0.149058      0.898405      0.101069      0.900417      0.443448
8      Aggressive_5      2.290525            0.505223  10.0          0.1050               4  0.188633  0.316590  0.307063  0.187715      0.784367      0.099741      0.900644      0.286014
9         Neutral_4      2.282450            0.475212  13.5          0.8900              17  0.151658  0.323555  0.325470  0.199317      0.657538      0.098845      0.899670      0.272332
10        Neutral_5      2.269050            0.497758  11.0          0.8950              18  0.221143  0.276615  0.275855  0.226388      0.900523      0.099065      0.900011      0.099400
11     Aggressive_3      2.268900            0.496665  12.5          0.1075               2  0.220357  0.276308  0.276230  0.227105      0.898004      0.099755      0.898428      0.101562
12    Cooperative_5      2.268450            0.497685  12.0          0.9125              11  0.223840  0.273845  0.273828  0.228488      0.898038      0.098931      0.899428      0.099535
13        Neutral_6      2.268000            0.498910  12.0          0.9025              19  0.224835  0.274075  0.273475  0.227615      0.898885      0.101268      0.898272      0.100711
14    Cooperative_6      2.266850            0.497705  12.0          0.9050              12  0.223053  0.274653  0.273830  0.228465      0.899205      0.099674      0.899096      0.101036
15    Cooperative_3      2.265050            0.497310  11.5          0.8675               9  0.222318  0.274993  0.274050  0.228640      0.898150      0.099494      0.900831      0.099446
16     Aggressive_7      2.218425            0.376688  19.0          0.0875               6  0.069547  0.307140  0.346403  0.276910      0.103893      0.098936      0.899869      0.100098
17     Aggressive_2      2.217600            0.377088  18.0          0.0850               1  0.069550  0.307538  0.346395  0.276518      0.103057      0.099509      0.900044      0.101565
18     Aggressive_1      2.129925            0.494683   8.5          0.0825               0  0.225770  0.268912  0.236647  0.268670      0.899607      0.099689      0.099469      0.898994
19     Aggressive_4      2.097500            0.373805  17.0          0.1125               3  0.104383  0.269423  0.289520  0.336675      0.438765      0.100220      0.100768      0.818684
20     Aggressive_6      2.008525            0.100395  20.0          0.0925               5  0.028623  0.071773  0.255748  0.643857      0.101206      0.102965      0.100785      0.099966