Normalised cooperation:
column       Aggressive  Cooperative   Neutral
index                                         
Aggressive     0.098475     0.055371  0.066170
Cooperative    0.217640     0.713018  0.541547
Neutral        0.158582     0.502486  0.387150

Payoffs:
column       Aggressive  Cooperative   Neutral
index                                         
Aggressive     1.290142     1.795874  1.551090
Cooperative    0.984530     2.573920  2.085893
Neutral        1.089026     2.281197  1.896594

Results Summary:
                Name  Median_score  Cooperation_rating  Wins  Initial_C_rate  Original_index   CC_rate   CD_rate   DC_rate   DD_rate  CC_to_C_rate  CD_to_C_rate  DC_to_C_rate  DD_to_C_rate
Rank                                                                                                                                                                                        
0      Cooperative_1      2.029514            0.478514   0.0             1.0              25  0.404081  0.074432  0.073946  0.447541      1.000000      0.000000      1.000000      0.000000
1     Cooperative_10      2.029514            0.478514   0.0             1.0              26  0.404081  0.074432  0.073946  0.447541      1.000000      0.000000      1.000000      0.000000
2     Cooperative_11      2.029514            0.478514   0.0             1.0              27  0.404081  0.074432  0.073946  0.447541      1.000000      0.000000      1.000000      0.000000
3     Cooperative_15      2.029514            0.478514   0.0             1.0              31  0.404081  0.074432  0.073946  0.447541      1.000000      0.000000      1.000000      0.000000
4     Cooperative_16      2.029514            0.478514   0.0             1.0              32  0.404081  0.074432  0.073946  0.447541      1.000000      0.000000      1.000000      0.000000
5     Cooperative_18      2.029514            0.478514   0.0             1.0              34  0.404081  0.074432  0.073946  0.447541      1.000000      0.000000      1.000000      0.000000
6     Cooperative_19      2.029514            0.478514   0.0             1.0              35  0.404081  0.074432  0.073946  0.447541      1.000000      0.000000      1.000000      0.000000
7      Cooperative_2      2.029514            0.478514   0.0             1.0              36  0.404081  0.074432  0.073946  0.447541      1.000000      0.000000      1.000000      0.000000
8     Cooperative_20      2.029514            0.478514   0.0             1.0              37  0.404081  0.074432  0.073946  0.447541      1.000000      0.000000      1.000000      0.000000
9     Cooperative_23      2.029514            0.478514   0.0             1.0              40  0.404081  0.074432  0.073946  0.447541      1.000000      0.000000      1.000000      0.000000
10    Cooperative_24      2.029514            0.478514   0.0             1.0              41  0.404081  0.074432  0.073946  0.447541      1.000000      0.000000      1.000000      0.000000
11     Cooperative_4      2.029514            0.478514   0.0             1.0              44  0.404081  0.074432  0.073946  0.447541      1.000000      0.000000      1.000000      0.000000
12     Cooperative_6      2.029514            0.478514   0.0             1.0              46  0.404081  0.074432  0.073946  0.447541      1.000000      0.000000      1.000000      0.000000
13     Cooperative_7      2.029514            0.478514   0.0             1.0              47  0.404081  0.074432  0.073946  0.447541      1.000000      0.000000      1.000000      0.000000
14     Cooperative_8      2.029514            0.478514   0.0             1.0              48  0.404081  0.074432  0.073946  0.447541      1.000000      0.000000      1.000000      0.000000
15         Neutral_1      2.029514            0.478514   0.0             1.0              50  0.404081  0.074432  0.073946  0.447541      1.000000      0.000000      1.000000      0.000000
16        Neutral_12      2.029514            0.478514   0.0             1.0              53  0.404081  0.074432  0.073946  0.447541      1.000000      0.000000      1.000000      0.000000
17        Neutral_14      2.029514            0.478514   0.0             1.0              55  0.404081  0.074432  0.073946  0.447541      1.000000      0.000000      1.000000      0.000000
18        Neutral_16      2.029514            0.478514   0.0             1.0              57  0.404081  0.074432  0.073946  0.447541      1.000000      0.000000      1.000000      0.000000
19        Neutral_17      2.029514            0.478514   0.0             1.0              58  0.404081  0.074432  0.073946  0.447541      1.000000      0.000000      1.000000      0.000000
20        Neutral_19      2.029514            0.478514   0.0             1.0              60  0.404081  0.074432  0.073946  0.447541      1.000000      0.000000      1.000000      0.000000
21        Neutral_20      2.029514            0.478514   0.0             1.0              62  0.404081  0.074432  0.073946  0.447541      1.000000      0.000000      1.000000      0.000000
22         Neutral_4      2.029514            0.478514   0.0             1.0              69  0.404081  0.074432  0.073946  0.447541      1.000000      0.000000      1.000000      0.000000
23         Neutral_8      2.029514            0.478514   0.0             1.0              73  0.404081  0.074432  0.073946  0.447541      1.000000      0.000000      1.000000      0.000000
24         Neutral_9      2.029514            0.478514   0.0             1.0              74  0.404081  0.074432  0.073946  0.447541      1.000000      0.000000      1.000000      0.000000
25    Cooperative_25      1.882189            0.294149  30.0             1.0              42  0.053770  0.240378  0.253757  0.452095      0.753979      0.000000      1.000000      0.000000
26        Neutral_24      1.831622            0.367041  30.0             1.0              66  0.053770  0.313270  0.259338  0.373622      0.753979      0.000000      1.000000      0.199609
27    Cooperative_14      1.773541            0.279757   6.0             0.0              30  0.066054  0.213703  0.213784  0.506459      1.000000      0.000000      1.000000      0.000000
28    Cooperative_17      1.773541            0.279757   6.0             0.0              33  0.066054  0.213703  0.213784  0.506459      1.000000      0.000000      1.000000      0.000000
29    Cooperative_22      1.773541            0.279757   6.0             0.0              39  0.066054  0.213703  0.213784  0.506459      1.000000      0.000000      1.000000      0.000000
30        Neutral_15      1.773541            0.279757   6.0             0.0              56  0.066054  0.213703  0.213784  0.506459      1.000000      0.000000      1.000000      0.000000
31        Neutral_25      1.773541            0.279757   6.0             0.0              67  0.066054  0.213703  0.213784  0.506459      1.000000      0.000000      1.000000      0.000000
32     Cooperative_9      1.763324            0.664689   2.0             1.0              49  0.392095  0.272595  0.062932  0.272378      1.000000      0.000000      0.000000      1.000000
33     Aggressive_10      1.629770            0.382676  35.0             0.0               1  0.024797  0.357878  0.234514  0.382811      0.000000      0.000000      0.000000      1.000000
34        Neutral_21      1.629770            0.382676  35.0             0.0              63  0.024797  0.357878  0.234514  0.382811      0.000000      0.000000      0.000000      1.000000
35     Aggressive_23      1.623432            0.071162  39.0             0.0              15  0.000000  0.071162  0.173649  0.755189      0.000000      0.000000      0.000000      0.099408
36      Aggressive_4      1.565324            0.658324   8.0             0.0              19  0.141324  0.517000  0.199919  0.141757      0.000000      1.000000      0.000000      1.000000
37     Aggressive_24      1.555892            0.000000  47.0             0.0              16  0.000000  0.000000  0.138973  0.861027      0.000000      0.000000      0.000000      0.000000
38      Aggressive_5      1.555892            0.000000  47.0             0.0              20  0.000000  0.000000  0.138973  0.861027      0.000000      0.000000      0.000000      0.000000
39      Aggressive_6      1.555892            0.000000  47.0             0.0              21  0.000000  0.000000  0.138973  0.861027      0.000000      0.000000      0.000000      0.000000
40      Aggressive_7      1.555892            0.000000  47.0             0.0              22  0.000000  0.000000  0.138973  0.861027      0.000000      0.000000      0.000000      0.000000
41      Aggressive_8      1.555892            0.000000  47.0             0.0              23  0.000000  0.000000  0.138973  0.861027      0.000000      0.000000      0.000000      0.000000
42      Aggressive_9      1.555892            0.000000  47.0             0.0              24  0.000000  0.000000  0.138973  0.861027      0.000000      0.000000      0.000000      0.000000
43     Cooperative_3      1.555892            0.000000  47.0             0.0              43  0.000000  0.000000  0.138973  0.861027      0.000000      0.000000      0.000000      0.000000
44        Neutral_18      1.555892            0.000000  47.0             0.0              59  0.000000  0.000000  0.138973  0.861027      0.000000      0.000000      0.000000      0.000000
45         Neutral_2      1.555892            0.000000  47.0             0.0              61  0.000000  0.000000  0.138973  0.861027      0.000000      0.000000      0.000000      0.000000
46      Aggressive_1      1.555892            0.000000  47.0             0.0               0  0.000000  0.000000  0.138973  0.861027      0.000000      0.000000      0.000000      0.000000
47     Aggressive_11      1.555892            0.000000  47.0             0.0               2  0.000000  0.000000  0.138973  0.861027      0.000000      0.000000      0.000000      0.000000
48     Aggressive_12      1.555892            0.000000  47.0             0.0               3  0.000000  0.000000  0.138973  0.861027      0.000000      0.000000      0.000000      0.000000
49     Aggressive_13      1.555892            0.000000  47.0             0.0               4  0.000000  0.000000  0.138973  0.861027      0.000000      0.000000      0.000000      0.000000
50     Aggressive_14      1.555892            0.000000  47.0             0.0               5  0.000000  0.000000  0.138973  0.861027      0.000000      0.000000      0.000000      0.000000
51     Aggressive_15      1.555892            0.000000  47.0             0.0               6  0.000000  0.000000  0.138973  0.861027      0.000000      0.000000      0.000000      0.000000
52     Aggressive_16      1.555892            0.000000  47.0             0.0               7  0.000000  0.000000  0.138973  0.861027      0.000000      0.000000      0.000000      0.000000
53     Aggressive_17      1.555892            0.000000  47.0             0.0               8  0.000000  0.000000  0.138973  0.861027      0.000000      0.000000      0.000000      0.000000
54     Aggressive_19      1.555892            0.000000  47.0             0.0              10  0.000000  0.000000  0.138973  0.861027      0.000000      0.000000      0.000000      0.000000
55      Aggressive_2      1.555892            0.000000  47.0             0.0              11  0.000000  0.000000  0.138973  0.861027      0.000000      0.000000      0.000000      0.000000
56         Neutral_5      1.555892            0.000000  47.0             0.0              70  0.000000  0.000000  0.138973  0.861027      0.000000      0.000000      0.000000      0.000000
57         Neutral_6      1.555784            0.002000  40.0             1.0              71  0.001027  0.000973  0.138676  0.859324      0.578947      0.583333      0.000000      0.000000
58     Aggressive_25      1.555784            0.002000  40.0             1.0              17  0.001027  0.000973  0.138676  0.859324      0.578947      0.583333      0.000000      0.000000
59     Aggressive_18      1.555730            0.001000  42.0             1.0               9  0.000514  0.000486  0.138797  0.860203      0.000000      0.000000      0.000000      0.000000
60     Aggressive_22      1.555730            0.001000  42.0             1.0              14  0.000514  0.000486  0.138797  0.860203      0.000000      0.000000      0.000000      0.000000
61        Neutral_22      1.555730            0.001000  42.0             1.0              64  0.000514  0.000486  0.138797  0.860203      0.000000      0.000000      0.000000      0.000000
62         Neutral_7      1.555730            0.001000  42.0             1.0              72  0.000514  0.000486  0.138797  0.860203      0.000000      0.000000      0.000000      0.000000
63         Neutral_3      1.548162            0.397297  32.0             1.0              68  0.039243  0.358054  0.206932  0.395770      0.513342      0.085222      0.000000      1.000000
64     Aggressive_20      1.539446            0.006243  47.0             0.0              12  0.005824  0.000419  0.132054  0.861703      1.000000      0.000000      0.004549      0.000000
65    Cooperative_12      1.534338            1.000000   0.0             1.0              28  0.511446  0.488554  0.000000  0.000000      1.000000      1.000000      0.000000      0.000000
66        Neutral_10      1.534338            1.000000   0.0             1.0              51  0.511446  0.488554  0.000000  0.000000      1.000000      1.000000      0.000000      0.000000
67        Neutral_13      1.494392            0.999000   2.0             0.0              54  0.497095  0.501905  0.000527  0.000473      1.000000      1.000000      1.000000      1.000000
68    Cooperative_13      1.494378            0.997000   3.0             0.0              29  0.496081  0.500919  0.000784  0.002216      1.000000      1.000000      0.404762      0.447761
69     Aggressive_21      1.461757            0.021689  47.0             0.0              13  0.021689  0.000000  0.104595  0.873716      0.000000      0.000000      0.290791      0.000000
70     Cooperative_5      1.432541            0.516041  11.0             0.0              45  0.066662  0.449378  0.187149  0.296811      0.000000      1.000000      0.000000      0.249855
71      Aggressive_3      1.402581            0.692608   6.0             1.0              18  0.134703  0.557905  0.172770  0.134622      0.000000      1.000000      0.000000      1.000000
72    Cooperative_21      1.402581            0.692608   6.0             1.0              38  0.134703  0.557905  0.172770  0.134622      0.000000      1.000000      0.000000      1.000000
73        Neutral_11      1.320014            0.073946  46.0             0.0              52  0.063716  0.010230  0.050703  0.875351      0.999250      0.000000      0.499885      0.044004
74        Neutral_23      1.248351            0.103784  43.0             0.0              65  0.065919  0.037865  0.038595  0.857622      0.997998      0.000000      0.880708      0.000000