Normalised cooperation:
column       Aggressive  Cooperative   Neutral
index                                         
Aggressive     0.267653     0.350082  0.360245
Cooperative    0.374367     0.999714  0.928571
Neutral        0.387918     0.928571  0.867592

Payoffs:
column       Aggressive  Cooperative   Neutral
index                                         
Aggressive     1.732286     2.147388  2.191429
Cooperative    2.025959     2.999633  2.928490
Neutral        2.053061     2.928490  2.857347

Results Summary:
               Name  Median_score  Cooperation_rating  Wins  Initial_C_rate  Original_index  CC_rate  CD_rate  DC_rate  DD_rate  CC_to_C_rate  CD_to_C_rate  DC_to_C_rate  DD_to_C_rate
Rank                                                                                                                                                                                   
0         Neutral_7       2.66285             0.77020  10.0             1.0              20  0.59955  0.17065  0.15860  0.07120      0.999076             0      0.998855      0.332888
1     Cooperative_2       2.66145             0.77095   0.0             1.0               8  0.60000  0.17095  0.15810  0.07095      1.000000             0      1.000000      0.332888
2     Cooperative_4       2.66145             0.77095   0.0             1.0              10  0.60000  0.17095  0.15810  0.07095      1.000000             0      1.000000      0.332888
3         Neutral_1       2.66145             0.77095   0.0             1.0              14  0.60000  0.17095  0.15810  0.07095      1.000000             0      1.000000      0.332888
4         Neutral_3       2.66145             0.77095   0.0             1.0              16  0.60000  0.17095  0.15810  0.07095      1.000000             0      1.000000      0.332888
5     Cooperative_1       2.65720             0.77520   0.0             1.0               7  0.60000  0.17520  0.15810  0.06670      1.000000             0      1.000000      0.500000
6     Cooperative_7       2.65720             0.77520   0.0             1.0              13  0.60000  0.17520  0.15810  0.06670      1.000000             0      1.000000      0.500000
7         Neutral_2       2.65720             0.77520   0.0             1.0              15  0.60000  0.17520  0.15810  0.06670      1.000000             0      1.000000      0.500000
8     Cooperative_5       2.60060             0.73285  10.0             1.0              11  0.59955  0.13330  0.13370  0.13345      0.999076             0      0.998664      0.000000
9     Cooperative_6       2.60060             0.73285  10.0             1.0              12  0.59955  0.13330  0.13370  0.13345      0.999076             0      0.998664      0.000000
10    Cooperative_3       2.59920             0.73360   0.0             1.0               9  0.60000  0.13360  0.13320  0.13320      1.000000             0      1.000000      0.000000
11        Neutral_5       2.59920             0.73360   0.0             1.0              18  0.60000  0.13360  0.13320  0.13320      1.000000             0      1.000000      0.000000
12        Neutral_6       2.59920             0.73360   0.0             1.0              19  0.60000  0.13360  0.13320  0.13320      1.000000             0      1.000000      0.000000
13        Neutral_4       2.36395             0.47150  10.0             1.0              17  0.00195  0.46955  0.45740  0.07110      0.666667             0      1.000000      0.332888
14     Aggressive_5       2.36135             0.47065   0.0             0.0               4  0.00000  0.47065  0.45800  0.07135      0.000000             0      1.000000      0.333333
15     Aggressive_2       2.22480             0.40820   1.0             0.0               1  0.00000  0.40820  0.40825  0.18355      0.000000             0      1.000000      0.000000
16     Aggressive_7       2.22480             0.40820   1.0             0.0               6  0.00000  0.40820  0.40825  0.18355      0.000000             0      1.000000      0.000000
17     Aggressive_4       1.98465             0.34135  12.0             0.0               3  0.02500  0.31635  0.31275  0.34590      0.500000             0      0.000000      0.975000
18     Aggressive_1       1.91380             0.36220  11.0             0.0               0  0.02500  0.33720  0.30025  0.33755      1.000000             0      0.000000      1.000000
19     Aggressive_3       1.85050             0.28230  15.0             0.0               2  0.00000  0.28230  0.28320  0.43450      0.000000             0      0.998497      0.000000
20     Aggressive_6       1.71800             0.00000  17.0             0.0               5  0.00000  0.00000  0.17950  0.82050      0.000000             0      0.000000      0.000000