Normalised cooperation:
column       Aggressive  Cooperative   Neutral
index                                         
Aggressive     0.369944     0.398397  0.398068
Cooperative    0.419266     0.501711  0.501250
Neutral        0.418815     0.501160  0.502032

Payoffs:
column       Aggressive  Cooperative   Neutral
index                                         
Aggressive     1.956891     2.096208  2.095041
Cooperative    1.991862     2.252730  2.251521
Neutral        1.991309     2.251968  2.253663

Results Summary:
                Name  Median_score  Cooperation_rating  Wins  Initial_C_rate  Original_index   CC_rate   CD_rate   DC_rate   DD_rate  CC_to_C_rate  CD_to_C_rate  DC_to_C_rate  DD_to_C_rate
Rank                                                                                                                                                                                        
0      Aggressive_19      2.373081            0.773609   0.0        0.098649              10  0.567497  0.206113  0.110535  0.115855      0.899080      0.704002      0.898769      0.338989
1      Aggressive_23      2.315811            0.638149   1.0        0.906081              15  0.311189  0.326961  0.252914  0.108936      0.899219      0.100328      0.899702      0.898936
2       Aggressive_3      2.294101            0.580599   4.0        0.892568              18  0.279789  0.300809  0.258170  0.161231      0.898128      0.100384      0.892219      0.427024
3       Aggressive_9      2.261453            0.552153  14.5        0.918919              24  0.203526  0.348626  0.299991  0.147856      0.736777      0.100242      0.780405      0.898479
4      Aggressive_25      2.199507            0.463387  46.5        0.902027              17  0.145095  0.318293  0.305776  0.230837      0.643314      0.100682      0.775894      0.446765
5         Neutral_12      2.170635            0.476124  30.0        0.906081              53  0.230988  0.245136  0.238073  0.285803      0.899541      0.100969      0.899338      0.100674
6         Neutral_22      2.169074            0.473595  31.0        0.902027              64  0.228635  0.244959  0.238264  0.288141      0.898420      0.099931      0.898384      0.100384
7         Neutral_16      2.168865            0.473903  32.0        0.903378              57  0.228893  0.245011  0.238438  0.287659      0.897649      0.099997      0.899041      0.099505
8     Cooperative_24      2.168709            0.474822  30.5        0.904054              41  0.229351  0.245472  0.238566  0.286612      0.899410      0.100579      0.898702      0.099480
9     Cooperative_15      2.168595            0.473966  29.5        0.912162              31  0.227724  0.246243  0.239335  0.286699      0.898267      0.099941      0.898405      0.100626
10     Cooperative_8      2.168182            0.474940  29.0        0.912162              48  0.229894  0.245046  0.237778  0.287282      0.900741      0.100838      0.898781      0.100333
11         Neutral_7      2.168007            0.473448  31.5        0.897297              72  0.227925  0.245523  0.238251  0.288301      0.899289      0.100518      0.899044      0.099928
12         Neutral_3      2.167574            0.473650  31.0        0.904054              68  0.227853  0.245797  0.238791  0.287559      0.898363      0.099506      0.899504      0.100287
13     Cooperative_7      2.167480            0.473097  30.5        0.895946              47  0.227941  0.245156  0.238022  0.288882      0.899513      0.099699      0.898885      0.099725
14        Neutral_20      2.167270            0.474202  30.0        0.908108              62  0.228246  0.245956  0.238567  0.287231      0.900696      0.099570      0.900047      0.099578
15     Cooperative_9      2.167223            0.473956  30.5        0.908108              49  0.228942  0.245014  0.238086  0.287957      0.898832      0.099998      0.898871      0.100239
16        Neutral_25      2.167149            0.474868  30.5        0.876351              67  0.230089  0.244778  0.237940  0.287193      0.899101      0.100599      0.899823      0.099803
17        Neutral_18      2.167061            0.473727  33.0        0.894595              59  0.228381  0.245346  0.238499  0.287774      0.899428      0.099731      0.898907      0.099894
18         Neutral_4      2.167020            0.474851  30.0        0.902703              69  0.229663  0.245188  0.238186  0.286963      0.899207      0.100107      0.899248      0.100699
19    Cooperative_25      2.166993            0.473934  31.0        0.902027              42  0.228276  0.245659  0.238599  0.287466      0.898558      0.099801      0.900043      0.100111
20     Cooperative_5      2.166980            0.473340  31.0        0.902703              45  0.228596  0.244744  0.237648  0.289012      0.899806      0.099801      0.898940      0.100037
21    Cooperative_11      2.166791            0.475559  30.0        0.904054              27  0.230392  0.245167  0.238053  0.286388      0.899285      0.100725      0.899867      0.100481
22         Neutral_2      2.166642            0.473659  28.5        0.888514              61  0.228546  0.245114  0.237923  0.288418      0.898693      0.100541      0.899196      0.099890
23     Cooperative_1      2.166399            0.474394  30.0        0.887838              25  0.229290  0.245104  0.237948  0.287658      0.899007      0.099967      0.899412      0.099990
24         Neutral_6      2.166351            0.473602  29.0        0.895946              71  0.228888  0.244714  0.237797  0.288601      0.899208      0.099984      0.898993      0.099735
25        Neutral_19      2.166338            0.474197  29.5        0.894595              60  0.228939  0.245258  0.238790  0.287014      0.898704      0.099729      0.898990      0.099748
26        Neutral_14      2.166324            0.474282  30.5        0.904730              55  0.229537  0.244745  0.237911  0.287807      0.898165      0.099927      0.899170      0.100954
27    Cooperative_12      2.166155            0.473984  31.0        0.908108              28  0.228511  0.245472  0.238428  0.287588      0.899104      0.100265      0.899522      0.100008
28      Aggressive_4      2.166149            0.473836  31.0        0.899324              19  0.228690  0.245147  0.238463  0.287701      0.899099      0.100080      0.898399      0.099956
29     Cooperative_6      2.166000            0.473349  31.0        0.900676              46  0.228380  0.244969  0.238248  0.288403      0.899006      0.099769      0.898775      0.100292
30        Neutral_13      2.165986            0.473253  29.0        0.912838              54  0.226966  0.246286  0.238974  0.287774      0.898604      0.099745      0.899594      0.100500
31         Neutral_8      2.165899            0.473509  30.0        0.902703              73  0.228659  0.244851  0.238018  0.288472      0.898553      0.101066      0.898303      0.100279
32    Cooperative_13      2.165845            0.473493  32.5        0.891216              29  0.229047  0.244446  0.237686  0.288820      0.898541      0.099745      0.897855      0.100390
33    Cooperative_22      2.165655            0.474406  31.5        0.906757              39  0.229230  0.245176  0.238065  0.287529      0.899542      0.100983      0.898942      0.100051
34    Cooperative_14      2.165628            0.473226  30.0        0.895270              30  0.227781  0.245445  0.238171  0.288603      0.899252      0.100352      0.899500      0.099968
35        Neutral_24      2.165264            0.474015  31.0        0.900000              66  0.229715  0.244300  0.237470  0.288515      0.898999      0.100813      0.898244      0.099834
36         Neutral_9      2.165122            0.473535  32.0        0.907432              74  0.228714  0.244822  0.237824  0.288641      0.899085      0.100145      0.898414      0.100238
37    Cooperative_19      2.165041            0.474232  32.0        0.909459              35  0.229395  0.244836  0.237784  0.287984      0.899153      0.100240      0.899759      0.099640
38     Cooperative_2      2.164993            0.474295  31.5        0.908784              36  0.229421  0.244874  0.237517  0.288188      0.899345      0.100082      0.899082      0.101024
39    Cooperative_23      2.164892            0.473698  30.0        0.897973              40  0.228209  0.245489  0.238276  0.288026      0.899484      0.099762      0.899352      0.100472
40        Neutral_15      2.164439            0.473530  30.0        0.899324              56  0.227807  0.245724  0.238535  0.287934      0.899719      0.100135      0.899264      0.100341
41    Cooperative_20      2.164270            0.473545  31.0        0.893919              37  0.227716  0.245830  0.238936  0.287519      0.899697      0.099515      0.899328      0.099301
42     Aggressive_20      2.163986            0.472565  33.5        0.905405              12  0.227533  0.245032  0.238758  0.288677      0.896159      0.100514      0.896832      0.100166
43    Cooperative_18      2.163831            0.472939  32.0        0.885135              34  0.227636  0.245302  0.238270  0.288792      0.899282      0.100363      0.898612      0.100043
44        Neutral_17      2.163547            0.472424  33.5        0.893919              58  0.227774  0.244649  0.238212  0.289364      0.899165      0.099672      0.898377      0.098733
45    Cooperative_21      2.163176            0.473081  30.5        0.897297              38  0.228626  0.244455  0.237612  0.289307      0.899172      0.099566      0.898405      0.099888
46         Neutral_5      2.163054            0.473306  32.0        0.902703              70  0.228527  0.244779  0.237811  0.288882      0.898631      0.100109      0.899605      0.100002
47         Neutral_1      2.163014            0.471852  31.5        0.901351              50  0.226659  0.245193  0.238202  0.289946      0.897869      0.099061      0.899336      0.099999
48        Neutral_21      2.162804            0.472140  32.5        0.900676              63  0.226846  0.245294  0.238435  0.289425      0.899170      0.099699      0.898979      0.099397
49    Cooperative_17      2.162750            0.472895  32.0        0.903378              33  0.227917  0.244978  0.238021  0.289084      0.899632      0.099956      0.899062      0.099394
50        Neutral_11      2.162203            0.474332  30.0        0.899324              52  0.229393  0.244939  0.238024  0.287643      0.899052      0.099339      0.900381      0.099521
51    Cooperative_16      2.162088            0.473921  30.5        0.897297              32  0.228981  0.244940  0.237657  0.288422      0.899150      0.100945      0.899219      0.100375
52     Cooperative_4      2.161453            0.471648  31.5        0.908784              44  0.226693  0.244955  0.237907  0.290445      0.898662      0.099526      0.898339      0.100429
53        Neutral_23      2.161426            0.473473  31.0        0.889865              65  0.228581  0.244892  0.237503  0.289024      0.899108      0.100043      0.899593      0.100495
54    Cooperative_10      2.160527            0.472545  30.5        0.890541              26  0.228288  0.244257  0.237006  0.290449      0.899085      0.100140      0.899516      0.100097
55        Neutral_10      2.160000            0.472114  29.0        0.902703              51  0.226989  0.245126  0.237472  0.290414      0.899168      0.100671      0.899214      0.100602
56     Cooperative_3      2.158399            0.472966  29.5        0.906757              43  0.228437  0.244528  0.236922  0.290112      0.899787      0.099867      0.900020      0.100542
57     Aggressive_13      2.135439            0.462310  35.0        0.105405               4  0.220232  0.242078  0.234811  0.302879      0.898120      0.101459      0.892851      0.100889
58      Aggressive_5      2.121791            0.509874  30.5        0.089189              20  0.246561  0.263312  0.223476  0.266651      0.899548      0.100584      0.099852      0.899770
59      Aggressive_1      2.117223            0.509199  30.0        0.104730               0  0.245283  0.263916  0.222931  0.267870      0.898989      0.099824      0.099998      0.898258
60      Aggressive_7      2.112791            0.523785  31.0        0.104054              22  0.237631  0.286154  0.232111  0.244104      0.101773      0.898635      0.102083      0.899574
61     Aggressive_16      2.102764            0.395797  38.5        0.109459               7  0.183784  0.212013  0.235381  0.368822      0.859459      0.102365      0.763746      0.099977
62      Aggressive_8      2.097311            0.398196  38.5        0.098649              23  0.183868  0.214328  0.236105  0.365699      0.869722      0.103869      0.767884      0.100938
63     Aggressive_15      2.078209            0.392428  64.0        0.896622               6  0.157108  0.235320  0.249849  0.357722      0.793776      0.100217      0.830187      0.100437
64     Aggressive_22      2.075912            0.366404  66.5        0.100000              14  0.080932  0.285472  0.299321  0.334275      0.099009      0.100638      0.099507      0.899056
65     Aggressive_17      2.023568            0.382758  60.0        0.089865               8  0.193696  0.189062  0.205892  0.411350      0.786204      0.249725      0.100517      0.420690
66      Aggressive_2      2.005723            0.331523  65.0        0.098649              11  0.100816  0.230707  0.259364  0.409113      0.633002      0.100417      0.793097      0.099925
67     Aggressive_10      2.002324            0.330032  65.0        0.906757               1  0.100914  0.229119  0.257357  0.412611      0.633637      0.100105      0.788562      0.099963
68     Aggressive_11      1.992568            0.262843  68.0        0.106757               2  0.054253  0.208590  0.273226  0.463931      0.101212      0.099657      0.100066      0.447749
69     Aggressive_21      1.788912            0.169116  72.0        0.902703              13  0.085377  0.083739  0.175556  0.655328      0.898435      0.099927      0.099135      0.100386
70     Aggressive_14      1.781534            0.157869  71.0        0.898649               5  0.054774  0.103095  0.193620  0.648511      0.611831      0.097771      0.236273      0.100480
71     Aggressive_12      1.781264            0.157224  71.0        0.905405               3  0.054534  0.102690  0.193320  0.649456      0.611051      0.100090      0.235989      0.099641
72     Aggressive_18      1.779041            0.157945  71.0        0.895946               9  0.054905  0.103039  0.193336  0.648720      0.612104      0.098846      0.236757      0.100080
73     Aggressive_24      1.768973            0.149595  71.0        0.893919              16  0.047416  0.102179  0.194055  0.656349      0.552923      0.100276      0.231634      0.099519
74      Aggressive_6      1.740419            0.104815  72.0        0.895270              21  0.025571  0.079244  0.192203  0.702982      0.251252      0.098332      0.105726      0.099653