Normalised cooperation:
column       Aggressive  Cooperative   Neutral
index                                         
Aggressive     0.390307     0.430643  0.430679
Cooperative    0.445067     0.501658  0.501290
Neutral        0.445091     0.501363  0.502223

Payoffs:
column       Aggressive  Cooperative   Neutral
index                                         
Aggressive     1.998497     2.142316  2.142438
Cooperative    2.070197     2.253130  2.252455
Neutral        2.070378     2.252089  2.254332

Results Summary:
                Name  Median_score  Cooperation_rating  Wins  Initial_C_rate  Original_index   CC_rate   CD_rate   DC_rate   DD_rate  CC_to_C_rate  CD_to_C_rate  DC_to_C_rate  DD_to_C_rate
Rank                                                                                                                                                                                        
0      Aggressive_23      2.198527            0.484309  32.0        0.900000              15  0.238153  0.246156  0.241499  0.274193      0.899856      0.099986      0.900130      0.100763
1       Aggressive_3      2.197453            0.485640  32.0        0.909459              18  0.239780  0.245859  0.240726  0.273634      0.900957      0.100646      0.901107      0.100878
2          Neutral_3      2.195527            0.484795  31.0        0.908784              68  0.239047  0.245748  0.240776  0.274429      0.900146      0.100528      0.900338      0.101286
3     Cooperative_18      2.195135            0.484389  32.0        0.904730              34  0.237701  0.246688  0.241481  0.274130      0.900615      0.099771      0.900842      0.101384
4      Cooperative_6      2.194811            0.483509  32.0        0.904730              46  0.237684  0.245824  0.240768  0.275724      0.899293      0.099846      0.900687      0.100876
5     Cooperative_19      2.194716            0.483409  33.0        0.893919              35  0.237601  0.245807  0.241074  0.275517      0.899988      0.099932      0.900018      0.100268
6          Neutral_8      2.194682            0.483174  32.5        0.892568              73  0.237755  0.245418  0.240501  0.276326      0.900432      0.100112      0.900134      0.099889
7      Aggressive_18      2.194095            0.483759  32.0        0.904054               9  0.238291  0.245468  0.240420  0.275822      0.900329      0.100739      0.900236      0.100281
8       Aggressive_1      2.193919            0.482945  32.0        0.900676               0  0.236224  0.246721  0.241849  0.275206      0.899452      0.099623      0.901005      0.100147
9      Aggressive_16      2.193885            0.483102  32.0        0.875000               7  0.236836  0.246266  0.241428  0.275470      0.899573      0.100793      0.900283      0.100302
10      Aggressive_4      2.193642            0.481484  34.0        0.102027              19  0.235289  0.246195  0.241714  0.276802      0.900323      0.100099      0.900696      0.100269
11        Neutral_23      2.193534            0.483459  30.5        0.888514              65  0.237122  0.246336  0.241236  0.275305      0.901566      0.099751      0.899836      0.100884
12    Cooperative_14      2.193520            0.484072  32.5        0.899324              30  0.238301  0.245772  0.240881  0.275047      0.899529      0.100403      0.900534      0.100421
13         Neutral_7      2.193311            0.482360  33.0        0.907432              72  0.236432  0.245928  0.241525  0.276115      0.899591      0.099547      0.899868      0.099597
14    Cooperative_12      2.193020            0.483062  32.0        0.893919              28  0.237463  0.245599  0.240736  0.276202      0.900383      0.100204      0.900678      0.099662
15         Neutral_2      2.192966            0.483413  30.0        0.892568              61  0.237280  0.246132  0.241095  0.275492      0.900108      0.099592      0.901008      0.100291
16        Neutral_13      2.192939            0.483248  32.5        0.901351              54  0.237587  0.245661  0.240843  0.275909      0.900124      0.099265      0.899377      0.101378
17    Cooperative_25      2.192703            0.481652  33.0        0.902703              42  0.235983  0.245669  0.241040  0.277308      0.899506      0.100015      0.899139      0.099815
18    Cooperative_11      2.192682            0.483247  32.0        0.900000              27  0.237243  0.246004  0.241263  0.275491      0.900278      0.099728      0.899851      0.100309
19     Aggressive_12      2.192628            0.483202  32.0        0.902027               3  0.237239  0.245964  0.241102  0.275696      0.899554      0.099760      0.901003      0.100205
20        Neutral_11      2.192608            0.484482  30.5        0.908108              52  0.238528  0.245955  0.240950  0.274568      0.900100      0.100176      0.900572      0.101002
21        Neutral_14      2.192608            0.482304  30.0        0.902027              55  0.236576  0.245728  0.240847  0.276849      0.899895      0.100194      0.900090      0.099394
22    Cooperative_22      2.192601            0.482674  31.0        0.897973              39  0.237305  0.245369  0.240382  0.276944      0.899808      0.100463      0.899747      0.100202
23     Cooperative_8      2.192595            0.483607  31.5        0.904054              48  0.238229  0.245378  0.240521  0.275872      0.899213      0.101049      0.900015      0.099960
24        Neutral_19      2.192574            0.482465  33.5        0.887162              60  0.236642  0.245823  0.241000  0.276535      0.899774      0.100221      0.899904      0.100103
25        Neutral_10      2.192304            0.483616  32.5        0.902703              51  0.237336  0.246279  0.241197  0.275188      0.900939      0.100384      0.900170      0.100372
26     Cooperative_5      2.192264            0.482858  33.0        0.908784              45  0.236765  0.246093  0.241100  0.276042      0.899113      0.100289      0.900558      0.100186
27    Cooperative_21      2.192007            0.482989  32.0        0.898649              38  0.237690  0.245299  0.240475  0.276536      0.900121      0.099824      0.899838      0.100527
28         Neutral_1      2.191892            0.483786  30.0        0.889865              50  0.238722  0.245064  0.239886  0.276328      0.900753      0.101081      0.900401      0.100054
29     Cooperative_2      2.191811            0.482849  31.0        0.895270              36  0.237770  0.245079  0.239924  0.277226      0.900243      0.100349      0.900176      0.100519
30         Neutral_5      2.191804            0.482169  32.5        0.906081              70  0.236768  0.245401  0.240726  0.277105      0.900263      0.099420      0.899741      0.099499
31     Cooperative_1      2.191770            0.482661  31.0        0.891892              25  0.237515  0.245147  0.240361  0.276977      0.900108      0.099652      0.899693      0.100124
32      Aggressive_2      2.191676            0.480395  37.0        0.115541              11  0.234557  0.245838  0.241782  0.277822      0.899456      0.099529      0.900038      0.099876
33     Aggressive_19      2.191561            0.482307  34.0        0.889189              10  0.236938  0.245370  0.240616  0.277077      0.899763      0.100325      0.899953      0.099498
34         Neutral_6      2.191439            0.482374  32.0        0.910811              71  0.236316  0.246059  0.241217  0.276409      0.899503      0.099387      0.899842      0.100824
35    Cooperative_20      2.191331            0.482970  32.5        0.909459              37  0.237932  0.245038  0.240213  0.276817      0.900719      0.099778      0.899252      0.099941
36        Neutral_25      2.191311            0.482856  34.5        0.897973              67  0.237418  0.245439  0.240972  0.276172      0.900050      0.100413      0.899449      0.099392
37        Neutral_16      2.191182            0.482248  32.0        0.890541              57  0.237204  0.245044  0.240466  0.277286      0.898727      0.100291      0.899475      0.099330
38     Cooperative_3      2.191162            0.481682  33.5        0.100676              43  0.235056  0.246626  0.242161  0.276157      0.899798      0.100863      0.900102      0.100310
39     Aggressive_10      2.191101            0.479668  36.0        0.107432               1  0.233828  0.245840  0.241732  0.278599      0.899325      0.099582      0.899559      0.099882
40        Neutral_20      2.190986            0.482644  33.0        0.893243              62  0.236197  0.246447  0.241433  0.275923      0.899950      0.100423      0.899865      0.100571
41        Neutral_12      2.190520            0.482697  32.0        0.900000              53  0.236466  0.246231  0.241194  0.276109      0.899430      0.099601      0.900773      0.100114
42    Cooperative_24      2.190514            0.482041  32.0        0.910811              41  0.235727  0.246314  0.241423  0.276536      0.899035      0.099456      0.899809      0.100743
43     Aggressive_22      2.190514            0.482203  31.5        0.910811              14  0.236849  0.245353  0.240542  0.277255      0.899697      0.100279      0.899444      0.100183
44        Neutral_24      2.190426            0.483076  32.0        0.904054              66  0.237619  0.245457  0.240470  0.276454      0.899786      0.100320      0.899994      0.100480
45        Neutral_17      2.190365            0.482489  32.5        0.889865              58  0.236811  0.245678  0.240886  0.276625      0.899628      0.100743      0.899313      0.100144
46    Cooperative_15      2.190304            0.481839  32.0        0.896622              31  0.236453  0.245386  0.240459  0.277701      0.899631      0.099907      0.899756      0.100040
47    Cooperative_17      2.190216            0.481938  33.0        0.893919              33  0.235684  0.246254  0.241270  0.276792      0.899226      0.099706      0.900076      0.100118
48     Aggressive_17      2.190189            0.482628  33.0        0.900000               8  0.236599  0.246028  0.241267  0.276105      0.899100      0.099662      0.900049      0.100190
49      Aggressive_8      2.190162            0.481731  36.0        0.093243              23  0.236129  0.245602  0.241403  0.276866      0.901285      0.099520      0.898934      0.100681
50     Aggressive_13      2.190061            0.480888  35.0        0.092568               4  0.236115  0.244773  0.240544  0.278568      0.899840      0.100775      0.898865      0.099860
51         Neutral_4      2.189831            0.482961  32.0        0.893243              69  0.237963  0.244999  0.240014  0.277024      0.900456      0.100786      0.899579      0.099955
52     Aggressive_11      2.189723            0.483050  34.0        0.901351               2  0.237714  0.245336  0.240628  0.276322      0.900328      0.099775      0.900231      0.099295
53    Cooperative_13      2.189669            0.482564  33.0        0.893919              29  0.237364  0.245199  0.240353  0.277084      0.900421      0.099903      0.899494      0.100181
54        Neutral_15      2.189426            0.481574  35.0        0.910811              56  0.236049  0.245524  0.240656  0.277770      0.899448      0.099984      0.899345      0.100437
55     Cooperative_9      2.189203            0.480713  32.0        0.910135              49  0.235658  0.245055  0.240261  0.279026      0.899490      0.100197      0.898942      0.099473
56    Cooperative_16      2.189182            0.481925  34.0        0.912162              32  0.236167  0.245758  0.240855  0.277220      0.899699      0.099307      0.900341      0.099708
57     Cooperative_7      2.189142            0.481630  33.0        0.907432              47  0.236657  0.244973  0.240172  0.278198      0.899938      0.099610      0.899397      0.099886
58     Aggressive_20      2.188973            0.480537  33.0        0.101351              12  0.234055  0.246482  0.241941  0.277522      0.899920      0.100368      0.900463      0.099701
59     Aggressive_24      2.188486            0.481956  32.5        0.889865              16  0.237053  0.244903  0.239949  0.278095      0.900952      0.100358      0.900043      0.099497
60    Cooperative_23      2.188459            0.481587  34.0        0.903378              40  0.235891  0.245696  0.240907  0.277505      0.899601      0.099171      0.899155      0.100862
61    Cooperative_10      2.188399            0.480781  32.5        0.904054              26  0.235018  0.245764  0.241124  0.278095      0.899626      0.099395      0.899142      0.100531
62        Neutral_22      2.188054            0.482224  30.0        0.902027              64  0.236781  0.245443  0.240668  0.277108      0.899458      0.099853      0.900291      0.099650
63     Aggressive_15      2.188014            0.480536  35.0        0.097297               6  0.233824  0.246711  0.242343  0.277121      0.899585      0.099898      0.899918      0.100146
64         Neutral_9      2.187723            0.481061  30.0        0.901351              74  0.235314  0.245748  0.240525  0.278414      0.900284      0.099773      0.899943      0.100252
65     Cooperative_4      2.187392            0.479770  34.0        0.089865              44  0.233720  0.246049  0.241428  0.278802      0.899851      0.100316      0.899382      0.100635
66      Aggressive_9      2.186372            0.480105  33.0        0.108784              24  0.234553  0.245551  0.241069  0.278826      0.899631      0.100400      0.900399      0.099993
67        Neutral_21      2.186122            0.479348  33.5        0.084459              63  0.233276  0.246072  0.241403  0.279249      0.899428      0.100086      0.900127      0.100042
68        Neutral_18      2.185507            0.481167  30.5        0.888514              59  0.235163  0.246004  0.240792  0.278041      0.900763      0.099494      0.899986      0.099995
69     Aggressive_14      2.149919            0.517785  35.0        0.096622               5  0.239629  0.278156  0.237228  0.244986      0.099000      0.900112      0.100547      0.899409
70     Aggressive_25      2.017912            0.334703  70.0        0.087162              17  0.076449  0.258254  0.280651  0.384646      0.263672      0.139380      0.524767      0.346307
71      Aggressive_7      1.643993            0.101172  73.0        0.093919              22  0.019285  0.081886  0.171680  0.727149      0.105071      0.101799      0.104157      0.100385
72      Aggressive_5      1.639993            0.100142  72.0        0.091216              20  0.018926  0.081216  0.170763  0.729095      0.103637      0.098554      0.101444      0.099951
73     Aggressive_21      1.638601            0.110730  72.0        0.100000              13  0.024541  0.086189  0.168699  0.720571      0.263164      0.099307      0.126361      0.100493
74      Aggressive_6      1.636784            0.101308  72.0        0.093919              21  0.019430  0.081878  0.169970  0.728722      0.138270      0.100081      0.099943      0.099833