Normalised cooperation:
column       Aggressive  Cooperative   Neutral
index                                         
Aggressive     0.121887     0.162667  0.151717
Cooperative    0.235253     0.450451  0.392533
Neutral        0.196958     0.372747  0.326956

Payoffs:
column       Aggressive  Cooperative   Neutral
index                                         
Aggressive     1.346891     1.723627  1.591743
Cooperative    1.360697     2.132286  1.924034
Neutral        1.365541     2.022965  1.840544

Results Summary:
                Name  Median_score  Cooperation_rating  Wins  Initial_C_rate  Original_index   CC_rate   CD_rate   DC_rate   DD_rate  CC_to_C_rate  CD_to_C_rate  DC_to_C_rate  DD_to_C_rate
Rank                                                                                                                                                                                        
0      Cooperative_9      1.835385            0.374258  22.5        0.895946              49  0.159449  0.214809  0.182470  0.443272      0.899435      0.099806      0.900736      0.100404
1      Cooperative_4      1.834649            0.373857  20.0        0.891892              44  0.159175  0.214682  0.182445  0.443698      0.898180      0.100025      0.901278      0.099757
2      Cooperative_7      1.834635            0.373472  21.0        0.912162              47  0.158265  0.215207  0.183065  0.443463      0.900281      0.099693      0.900235      0.100201
3      Cooperative_3      1.834520            0.373223  23.0        0.902703              43  0.158407  0.214816  0.182736  0.444041      0.898182      0.100256      0.899346      0.100437
4         Neutral_18      1.834277            0.374243  20.5        0.904054              59  0.160149  0.214093  0.181639  0.444119      0.901723      0.100539      0.900503      0.100004
5       Aggressive_3      1.833459            0.373649  20.5        0.902703              18  0.158944  0.214705  0.182424  0.443926      0.899477      0.099906      0.900748      0.100282
6          Neutral_4      1.832993            0.373665  19.5        0.897297              69  0.159251  0.214414  0.181883  0.444452      0.902355      0.100250      0.900258      0.099545
7         Neutral_22      1.832507            0.371922  24.0        0.114865              64  0.157203  0.214719  0.182823  0.445255      0.900208      0.099204      0.899389      0.100128
8          Neutral_5      1.832486            0.373462  20.5        0.903378              70  0.158470  0.214993  0.182404  0.444134      0.899808      0.100272      0.900032      0.099729
9     Cooperative_12      1.832405            0.373547  21.5        0.889189              28  0.158327  0.215220  0.182706  0.443747      0.898824      0.100360      0.899757      0.100407
10    Cooperative_10      1.832284            0.373936  20.0        0.893243              26  0.159561  0.214375  0.181892  0.444172      0.902416      0.099902      0.900490      0.100226
11        Neutral_24      1.832264            0.373167  21.0        0.900000              66  0.158325  0.214842  0.182352  0.444481      0.899980      0.100434      0.899564      0.100086
12        Neutral_21      1.832122            0.373316  21.0        0.895270              63  0.159038  0.214278  0.181882  0.444802      0.898843      0.099964      0.900206      0.100403
13        Neutral_11      1.832014            0.373794  21.0        0.891892              52  0.158810  0.214984  0.182374  0.443832      0.899029      0.100283      0.900104      0.100581
14    Cooperative_15      1.831986            0.372479  22.5        0.885135              31  0.157793  0.214686  0.182828  0.444693      0.898566      0.099743      0.899542      0.099348
15     Cooperative_6      1.831892            0.373054  22.5        0.892568              46  0.158324  0.214730  0.182445  0.444501      0.899469      0.100516      0.900334      0.100103
16     Aggressive_17      1.831811            0.373159  20.5        0.889865               8  0.158402  0.214757  0.182585  0.444255      0.899918      0.099639      0.899806      0.099745
17         Neutral_3      1.831797            0.373103  22.0        0.907432              68  0.158618  0.214486  0.182350  0.444547      0.899825      0.099659      0.899321      0.100332
18    Cooperative_18      1.831622            0.372324  21.0        0.900000              34  0.157858  0.214466  0.182218  0.445459      0.899404      0.099245      0.900218      0.099624
19    Cooperative_11      1.831493            0.372419  20.5        0.907432              27  0.157810  0.214609  0.182611  0.444970      0.898801      0.101066      0.899501      0.098948
20      Aggressive_7      1.831432            0.371367  21.5        0.096622              22  0.157105  0.214261  0.182539  0.446094      0.900772      0.100417      0.899342      0.100127
21     Cooperative_5      1.831385            0.373341  22.0        0.898649              45  0.158498  0.214843  0.182333  0.444326      0.900605      0.100089      0.899599      0.100212
22    Cooperative_24      1.831365            0.373465  20.0        0.885135              41  0.158441  0.215024  0.182305  0.444230      0.899735      0.100548      0.900092      0.100300
23         Neutral_9      1.830676            0.371361  24.0        0.110135              74  0.157367  0.213994  0.182505  0.446134      0.900075      0.099232      0.899943      0.099257
24    Cooperative_23      1.830601            0.373027  19.5        0.900676              40  0.157605  0.215422  0.182795  0.444178      0.901344      0.099705      0.900459      0.100719
25    Cooperative_17      1.830358            0.373039  21.0        0.895270              33  0.158278  0.214761  0.182275  0.444686      0.899660      0.100638      0.900562      0.099760
26    Cooperative_14      1.830351            0.372820  20.0        0.909459              30  0.158058  0.214761  0.182296  0.444884      0.898606      0.099673      0.900768      0.100011
27        Neutral_15      1.830149            0.373499  20.5        0.910811              56  0.159232  0.214267  0.181705  0.444795      0.899574      0.100193      0.900228      0.100377
28         Neutral_7      1.829811            0.371964  20.0        0.896622              72  0.156757  0.215206  0.182697  0.445339      0.899029      0.099438      0.900939      0.099792
29    Cooperative_13      1.829764            0.372493  20.5        0.909459              29  0.157610  0.214883  0.182289  0.445218      0.900211      0.099826      0.900032      0.099995
30    Cooperative_20      1.829709            0.373533  20.5        0.910135              37  0.158916  0.214618  0.182283  0.444184      0.898554      0.100258      0.900851      0.100102
31        Neutral_10      1.829709            0.372578  20.0        0.903378              51  0.157899  0.214680  0.182295  0.445127      0.897400      0.100232      0.900265      0.099735
32         Neutral_1      1.829655            0.370449  20.5        0.095270              50  0.155574  0.214874  0.183257  0.446295      0.898645      0.099198      0.899329      0.099405
33    Cooperative_21      1.829473            0.372473  20.5        0.912838              38  0.157698  0.214775  0.182311  0.445216      0.900270      0.099804      0.901257      0.099695
34        Neutral_17      1.829426            0.372763  20.0        0.899324              58  0.158547  0.214216  0.181732  0.445505      0.899110      0.100771      0.899886      0.100233
35        Neutral_25      1.829426            0.371936  20.0        0.905405              67  0.157368  0.214568  0.182195  0.445870      0.900234      0.100109      0.899489      0.099702
36         Neutral_2      1.829088            0.371955  21.0        0.905405              61  0.157628  0.214327  0.181865  0.446180      0.900205      0.100482      0.898682      0.099706
37        Neutral_23      1.828946            0.371868  21.0        0.901351              65  0.157380  0.214488  0.182257  0.445875      0.900468      0.099753      0.900113      0.099536
38    Cooperative_19      1.828919            0.372006  20.5        0.881757              35  0.157155  0.214851  0.182412  0.445582      0.899795      0.099786      0.900159      0.099788
39      Aggressive_6      1.828291            0.372267  20.5        0.912162              21  0.158427  0.213840  0.181344  0.446389      0.898116      0.099908      0.899503      0.100018
40    Cooperative_25      1.828155            0.372607  22.0        0.890541              42  0.157436  0.215172  0.182519  0.444874      0.902122      0.100138      0.900386      0.099586
41        Neutral_13      1.827703            0.372028  19.0        0.901351              54  0.157080  0.214947  0.182510  0.445462      0.898768      0.100243      0.899214      0.100297
42    Cooperative_22      1.826041            0.371340  22.0        0.896622              39  0.157213  0.214127  0.181958  0.446702      0.899161      0.098789      0.899859      0.099579
43     Cooperative_2      1.817885            0.591086   0.0        0.899324              36  0.222661  0.368424  0.185873  0.223041      0.900195      0.139443      0.899168      0.684027
44     Cooperative_1      1.600480            0.194944  44.0        0.901351              25  0.063419  0.131525  0.151025  0.654031      0.731531      0.100538      0.452971      0.100677
45     Cooperative_8      1.600061            0.194833  45.0        0.892568              48  0.064220  0.130613  0.150399  0.654768      0.733378      0.099816      0.452975      0.099858
46         Neutral_6      1.540986            0.133401  53.5        0.102027              71  0.033526  0.099874  0.143201  0.723398      0.464354      0.100844      0.210315      0.100513
47    Cooperative_16      1.540635            0.135022  53.0        0.907432              32  0.035022  0.100000  0.142742  0.722236      0.468813      0.100419      0.211924      0.100053
48     Aggressive_14      1.538385            0.133128  53.0        0.098649               5  0.033904  0.099224  0.142957  0.723916      0.474654      0.099375      0.208878      0.099921
49     Aggressive_22      1.504784            0.103322  58.0        0.896622              14  0.017882  0.085439  0.138601  0.758078      0.195254      0.099403      0.102539      0.100103
50     Aggressive_11      1.503547            0.100078  61.0        0.089865               2  0.015466  0.084612  0.139093  0.760828      0.101022      0.102280      0.098529      0.100030
51     Aggressive_19      1.503074            0.101425  60.0        0.090541              10  0.016074  0.085351  0.138751  0.759824      0.119635      0.100612      0.106117      0.099790
52        Neutral_19      1.502169            0.100349  60.0        0.088514              60  0.015622  0.084727  0.138698  0.760953      0.100547      0.101073      0.100244      0.100265
53         Neutral_8      1.501851            0.100390  59.0        0.100000              73  0.015381  0.085009  0.138855  0.760755      0.101234      0.099346      0.100629      0.100448
54     Aggressive_15      1.501838            0.099693  61.0        0.089189               6  0.015266  0.084428  0.138735  0.761572      0.101668      0.097986      0.100604      0.099676
55      Aggressive_1      1.501696            0.100143  60.5        0.114865               0  0.015522  0.084620  0.138881  0.760976      0.098405      0.100584      0.100093      0.100162
56     Aggressive_25      1.501676            0.099898  62.0        0.101351              17  0.015354  0.084544  0.138478  0.761624      0.104018      0.099764      0.100306      0.099745
57      Aggressive_2      1.501635            0.099935  60.0        0.097297              11  0.015451  0.084484  0.138587  0.761478      0.102629      0.099992      0.098444      0.100083
58     Aggressive_21      1.501561            0.100026  61.5        0.099324              13  0.015516  0.084511  0.138607  0.761366      0.098991      0.101575      0.099354      0.099956
59      Aggressive_9      1.501527            0.099746  61.0        0.112838              24  0.015445  0.084301  0.138799  0.761455      0.096904      0.099275      0.100120      0.099742
60     Aggressive_12      1.501493            0.099838  60.0        0.089189               3  0.015322  0.084516  0.138647  0.761515      0.097536      0.099434      0.099911      0.099932
61      Aggressive_4      1.501432            0.099713  60.0        0.085811              19  0.015361  0.084352  0.138739  0.761548      0.100274      0.098746      0.100458      0.099601
62     Aggressive_23      1.501385            0.099764  61.0        0.097973              15  0.015420  0.084344  0.138707  0.761529      0.101036      0.099613      0.098959      0.099855
63        Neutral_20      1.501372            0.100120  59.5        0.105405              62  0.015353  0.084767  0.138505  0.761375      0.097963      0.098980      0.100492      0.100228
64     Aggressive_16      1.501297            0.100695  60.0        0.883108               7  0.016007  0.084688  0.138706  0.760599      0.101017      0.100816      0.099266      0.099888
65     Aggressive_10      1.501223            0.099324  61.5        0.100000               1  0.015171  0.084153  0.138543  0.762132      0.099359      0.098842      0.100105      0.099265
66     Aggressive_13      1.501081            0.100661  59.5        0.110135               4  0.015650  0.085011  0.138800  0.760539      0.100999      0.101239      0.100811      0.100506
67     Aggressive_18      1.500730            0.099961  59.5        0.089189               9  0.015326  0.084635  0.138552  0.761487      0.097342      0.100375      0.100385      0.099919
68        Neutral_12      1.500662            0.099889  61.0        0.115541              53  0.015278  0.084611  0.138720  0.761392      0.098694      0.098077      0.101296      0.099869
69        Neutral_14      1.500358            0.100064  60.5        0.108108              55  0.015393  0.084671  0.138688  0.761248      0.099999      0.099672      0.100806      0.099987
70     Aggressive_20      1.499993            0.100375  61.0        0.100000              12  0.015572  0.084803  0.138914  0.760711      0.101981      0.100819      0.100917      0.100238
71      Aggressive_5      1.499473            0.100417  59.0        0.104054              20  0.015507  0.084910  0.138411  0.761172      0.102924      0.100889      0.100567      0.100289
72     Aggressive_24      1.499291            0.100177  60.5        0.090541              16  0.015476  0.084701  0.138472  0.761351      0.100201      0.101037      0.099621      0.100211
73        Neutral_16      1.498426            0.099905  60.0        0.110811              57  0.015416  0.084489  0.138146  0.761949      0.099387      0.100334      0.100627      0.099684
74      Aggressive_8      1.498311            0.100297  60.0        0.096622              23  0.015419  0.084878  0.138349  0.761354      0.101662      0.100479      0.100720      0.100198