Normalised cooperation:
column       Aggressive  Cooperative   Neutral
index                                         
Aggressive     0.118691     0.280678  0.270819
Cooperative    0.370909     0.999920  0.999920
Neutral        0.373509     0.999920  0.999920

Payoffs:
column       Aggressive  Cooperative   Neutral
index                                         
Aggressive     1.335038     2.102339  2.119989
Cooperative    1.651187     2.999914  2.999914
Neutral        1.606541     2.999914  2.999914

Results Summary:
                Name  Median_score  Cooperation_rating  Wins  Initial_C_rate  Original_index   CC_rate   CD_rate   DC_rate   DD_rate  CC_to_C_rate  CD_to_C_rate  DC_to_C_rate  DD_to_C_rate
Rank                                                                                                                                                                                        
0     Cooperative_16      2.633797            0.841676   0.0             1.0              32  0.806581  0.035095  0.013932  0.144392      1.000000      0.708333      1.000000      0.000000
1     Cooperative_21      2.633797            0.841676   0.0             1.0              38  0.806581  0.035095  0.013932  0.144392      1.000000      0.708333      1.000000      0.000000
2          Neutral_4      2.633797            0.841676   0.0             1.0              69  0.806581  0.035095  0.013932  0.144392      1.000000      0.708333      1.000000      0.000000
3          Neutral_1      2.597986            0.818986   0.0             1.0              50  0.792865  0.026122  0.009595  0.171419      1.000000      0.525236      1.000000      0.000000
4      Cooperative_3      2.578784            0.751743  48.0             1.0              43  0.678392  0.073351  0.073838  0.174419      0.999037      0.000000      0.999230      0.000000
5      Cooperative_5      2.578784            0.751743  48.0             1.0              45  0.678392  0.073351  0.073838  0.174419      0.999037      0.000000      0.999230      0.000000
6         Neutral_20      2.578784            0.751743  48.0             1.0              62  0.678392  0.073351  0.073838  0.174419      0.999037      0.000000      0.999230      0.000000
7      Cooperative_1      2.577378            0.752459   0.0             1.0              25  0.679027  0.073432  0.073189  0.174351      1.000000      0.000000      1.000000      0.000000
8     Cooperative_10      2.577378            0.752459   0.0             1.0              26  0.679027  0.073432  0.073189  0.174351      1.000000      0.000000      1.000000      0.000000
9     Cooperative_13      2.577378            0.752459   0.0             1.0              29  0.679027  0.073432  0.073189  0.174351      1.000000      0.000000      1.000000      0.000000
10    Cooperative_14      2.577378            0.752459   0.0             1.0              30  0.679027  0.073432  0.073189  0.174351      1.000000      0.000000      1.000000      0.000000
11    Cooperative_15      2.577378            0.752459   0.0             1.0              31  0.679027  0.073432  0.073189  0.174351      1.000000      0.000000      1.000000      0.000000
12    Cooperative_18      2.577378            0.752459   0.0             1.0              34  0.679027  0.073432  0.073189  0.174351      1.000000      0.000000      1.000000      0.000000
13    Cooperative_22      2.577378            0.752459   0.0             1.0              39  0.679027  0.073432  0.073189  0.174351      1.000000      0.000000      1.000000      0.000000
14    Cooperative_23      2.577378            0.752459   0.0             1.0              40  0.679027  0.073432  0.073189  0.174351      1.000000      0.000000      1.000000      0.000000
15    Cooperative_25      2.577378            0.752459   0.0             1.0              42  0.679027  0.073432  0.073189  0.174351      1.000000      0.000000      1.000000      0.000000
16     Cooperative_6      2.577378            0.752459   0.0             1.0              46  0.679027  0.073432  0.073189  0.174351      1.000000      0.000000      1.000000      0.000000
17     Cooperative_8      2.577378            0.752459   0.0             1.0              48  0.679027  0.073432  0.073189  0.174351      1.000000      0.000000      1.000000      0.000000
18     Cooperative_9      2.577378            0.752459   0.0             1.0              49  0.679027  0.073432  0.073189  0.174351      1.000000      0.000000      1.000000      0.000000
19        Neutral_11      2.577378            0.752459   0.0             1.0              52  0.679027  0.073432  0.073189  0.174351      1.000000      0.000000      1.000000      0.000000
20        Neutral_12      2.577378            0.752459   0.0             1.0              53  0.679027  0.073432  0.073189  0.174351      1.000000      0.000000      1.000000      0.000000
21        Neutral_13      2.577378            0.752459   0.0             1.0              54  0.679027  0.073432  0.073189  0.174351      1.000000      0.000000      1.000000      0.000000
22        Neutral_17      2.577378            0.752459   0.0             1.0              58  0.679027  0.073432  0.073189  0.174351      1.000000      0.000000      1.000000      0.000000
23        Neutral_21      2.577378            0.752459   0.0             1.0              63  0.679027  0.073432  0.073189  0.174351      1.000000      0.000000      1.000000      0.000000
24        Neutral_22      2.577378            0.752459   0.0             1.0              64  0.679027  0.073432  0.073189  0.174351      1.000000      0.000000      1.000000      0.000000
25        Neutral_23      2.577378            0.752459   0.0             1.0              65  0.679027  0.073432  0.073189  0.174351      1.000000      0.000000      1.000000      0.000000
26        Neutral_24      2.577378            0.752459   0.0             1.0              66  0.679027  0.073432  0.073189  0.174351      1.000000      0.000000      1.000000      0.000000
27        Neutral_25      2.577378            0.752459   0.0             1.0              67  0.679027  0.073432  0.073189  0.174351      1.000000      0.000000      1.000000      0.000000
28         Neutral_6      2.577378            0.752459   0.0             1.0              71  0.679027  0.073432  0.073189  0.174351      1.000000      0.000000      1.000000      0.000000
29    Cooperative_20      2.488541            0.849108   0.0             1.0              37  0.698135  0.150973  0.060811  0.090081      1.000000      0.000000      1.000000      1.000000
30     Cooperative_4      2.488541            0.849108   0.0             1.0              44  0.698135  0.150973  0.060811  0.090081      1.000000      0.000000      1.000000      1.000000
31        Neutral_16      2.488541            0.849108   0.0             1.0              57  0.698135  0.150973  0.060811  0.090081      1.000000      0.000000      1.000000      1.000000
32         Neutral_3      2.475365            0.678041   4.0             1.0              68  0.676649  0.001392  0.030865  0.291095      1.000000      0.000000      0.048740      0.000000
33         Neutral_8      2.469500            0.823568  48.0             1.0              73  0.697473  0.126095  0.050162  0.126270      0.998923      0.000000      0.000000      0.998868
34    Cooperative_11      2.467973            0.824405   1.0             1.0              27  0.698108  0.126297  0.049514  0.126081      1.000000      0.000000      0.000000      1.000000
35    Cooperative_12      2.467973            0.824405   1.0             1.0              28  0.698108  0.126297  0.049514  0.126081      1.000000      0.000000      0.000000      1.000000
36    Cooperative_17      2.467973            0.824405   1.0             1.0              33  0.698108  0.126297  0.049514  0.126081      1.000000      0.000000      0.000000      1.000000
37    Cooperative_19      2.467973            0.824405   1.0             1.0              35  0.698108  0.126297  0.049514  0.126081      1.000000      0.000000      0.000000      1.000000
38     Cooperative_2      2.467973            0.824405   1.0             1.0              36  0.698108  0.126297  0.049514  0.126081      1.000000      0.000000      0.000000      1.000000
39    Cooperative_24      2.467973            0.824405   1.0             1.0              41  0.698108  0.126297  0.049514  0.126081      1.000000      0.000000      0.000000      1.000000
40     Cooperative_7      2.467973            0.824405   1.0             1.0              47  0.698108  0.126297  0.049514  0.126081      1.000000      0.000000      0.000000      1.000000
41        Neutral_10      2.467973            0.824405   1.0             1.0              51  0.698108  0.126297  0.049514  0.126081      1.000000      0.000000      0.000000      1.000000
42        Neutral_14      2.467973            0.824405   1.0             1.0              55  0.698108  0.126297  0.049514  0.126081      1.000000      0.000000      0.000000      1.000000
43        Neutral_15      2.467973            0.824405   1.0             1.0              56  0.698108  0.126297  0.049514  0.126081      1.000000      0.000000      0.000000      1.000000
44        Neutral_18      2.467973            0.824405   1.0             1.0              59  0.698108  0.126297  0.049514  0.126081      1.000000      0.000000      0.000000      1.000000
45        Neutral_19      2.467973            0.824405   1.0             1.0              60  0.698108  0.126297  0.049514  0.126081      1.000000      0.000000      0.000000      1.000000
46         Neutral_2      2.467973            0.824405   1.0             1.0              61  0.698108  0.126297  0.049514  0.126081      1.000000      0.000000      0.000000      1.000000
47         Neutral_5      2.467973            0.824405   1.0             1.0              70  0.698108  0.126297  0.049514  0.126081      1.000000      0.000000      0.000000      1.000000
48         Neutral_7      2.467973            0.824405   1.0             1.0              72  0.698108  0.126297  0.049514  0.126081      1.000000      0.000000      0.000000      1.000000
49         Neutral_9      2.467973            0.824405   1.0             1.0              74  0.698108  0.126297  0.049514  0.126081      1.000000      0.000000      0.000000      1.000000
50     Aggressive_19      2.457014            0.681838   4.0             1.0              10  0.678446  0.003392  0.025878  0.292284      1.000000      0.479374      0.500068      0.000000
51     Aggressive_12      2.118297            0.528797  26.0             0.0               3  0.236635  0.292162  0.234297  0.236905      0.000000      1.000000      0.000000      1.000000
52      Aggressive_7      2.041959            0.364581  48.0             0.0              22  0.108000  0.256581  0.270635  0.364784      0.000000      0.000000      0.000000      1.000000
53     Aggressive_16      2.013270            0.551068  45.0             0.0               7  0.282095  0.268973  0.179514  0.269419      1.000000      0.000000      0.000000      1.000000
54     Aggressive_10      1.970459            0.342230  21.0             0.0               1  0.057365  0.284865  0.285149  0.372622      1.000000      0.000000      1.000000      0.000000
55     Aggressive_13      1.970459            0.342230  21.0             0.0               4  0.057365  0.284865  0.285149  0.372622      1.000000      0.000000      1.000000      0.000000
56     Aggressive_18      1.970459            0.342230  21.0             0.0               9  0.057365  0.284865  0.285149  0.372622      1.000000      0.000000      1.000000      0.000000
57      Aggressive_2      1.970459            0.342230  21.0             0.0              11  0.057365  0.284865  0.285149  0.372622      1.000000      0.000000      1.000000      0.000000
58     Aggressive_23      1.970459            0.342230  21.0             0.0              15  0.057365  0.284865  0.285149  0.372622      1.000000      0.000000      1.000000      0.000000
59     Aggressive_24      1.970459            0.342230  21.0             0.0              16  0.057365  0.284865  0.285149  0.372622      1.000000      0.000000      1.000000      0.000000
60      Aggressive_4      1.970459            0.342230  21.0             0.0              19  0.057365  0.284865  0.285149  0.372622      1.000000      0.000000      1.000000      0.000000
61      Aggressive_9      1.970459            0.342230  21.0             0.0              24  0.057365  0.284865  0.285149  0.372622      1.000000      0.000000      1.000000      0.000000
62     Aggressive_14      1.786000            0.041162  54.0             0.0               5  0.040514  0.000649  0.176405  0.782432      1.000000      0.000000      0.340655      0.000000
63      Aggressive_5      1.741838            0.018851  55.0             0.0              20  0.002716  0.016135  0.188135  0.793014      1.000000      0.000000      0.415624      0.000000
64      Aggressive_1      1.704378            0.000000  55.0             0.0               0  0.000000  0.000000  0.176095  0.823905      0.000000      0.000000      0.000000      0.000000
65     Aggressive_11      1.704378            0.000000  55.0             0.0               2  0.000000  0.000000  0.176095  0.823905      0.000000      0.000000      0.000000      0.000000
66     Aggressive_17      1.704378            0.000000  55.0             0.0               8  0.000000  0.000000  0.176095  0.823905      0.000000      0.000000      0.000000      0.000000
67     Aggressive_20      1.704378            0.000000  55.0             0.0              12  0.000000  0.000000  0.176095  0.823905      0.000000      0.000000      0.000000      0.000000
68     Aggressive_21      1.704378            0.000000  55.0             0.0              13  0.000000  0.000000  0.176095  0.823905      0.000000      0.000000      0.000000      0.000000
69     Aggressive_22      1.704378            0.000000  55.0             0.0              14  0.000000  0.000000  0.176095  0.823905      0.000000      0.000000      0.000000      0.000000
70     Aggressive_25      1.704378            0.000000  55.0             0.0              17  0.000000  0.000000  0.176095  0.823905      0.000000      0.000000      0.000000      0.000000
71      Aggressive_3      1.704378            0.000000  55.0             0.0              18  0.000000  0.000000  0.176095  0.823905      0.000000      0.000000      0.000000      0.000000
72      Aggressive_6      1.704378            0.000000  55.0             0.0              21  0.000000  0.000000  0.176095  0.823905      0.000000      0.000000      0.000000      0.000000
73      Aggressive_8      1.704378            0.000000  55.0             0.0              23  0.000000  0.000000  0.176095  0.823905      0.000000      0.000000      0.000000      0.000000
74     Aggressive_15      1.538973            0.688959   4.0             0.0               6  0.044716  0.644243  0.273446  0.037595      0.432757      0.492375      1.000000      1.000000