Normalised cooperation:
column       Aggressive  Cooperative   Neutral
index                                         
Aggressive     0.204502     0.401232  0.375177
Cooperative    0.522653     0.996230  0.997560
Neutral        0.452435     0.998006  0.999560

Payoffs:
column       Aggressive  Cooperative   Neutral
index                                         
Aggressive     1.513925     2.475466  2.254647
Cooperative    1.868362     2.993294  2.997150
Neutral        1.868358     2.994920  2.999366

Results Summary:
                Name  Median_score  Cooperation_rating  Wins  Initial_C_rate  Original_index   CC_rate   CD_rate   DC_rate   DD_rate  CC_to_C_rate  CD_to_C_rate  DC_to_C_rate  DD_to_C_rate
Rank                                                                                                                                                                                        
0          Neutral_5      2.762108            0.819351   5.0             1.0              70  0.809405  0.009946  0.038311  0.142338      1.000000      0.472180      0.722780      0.000000
1          Neutral_7      2.739493            0.886574  30.0             1.0              72  0.864147  0.022427  0.010240  0.103186      0.999020      0.100063      0.999792      0.101015
2         Neutral_17      2.692946            0.831946  30.0             1.0              58  0.797270  0.034676  0.033270  0.134784      0.999032      0.020462      0.999832      0.009101
3     Cooperative_14      2.670473            0.862257   0.0             1.0              30  0.809703  0.052554  0.025905  0.111838      1.000000      0.728395      1.000000      0.000000
4      Cooperative_7      2.670473            0.862257   0.0             1.0              47  0.809703  0.052554  0.025905  0.111838      1.000000      0.728395      1.000000      0.000000
5     Cooperative_17      2.662932            0.852054  30.0             1.0              33  0.808905  0.043149  0.022068  0.125878      0.999032      0.489857      0.998722      0.000000
6      Cooperative_1      2.640527            0.775757  30.0             1.0              25  0.687770  0.087986  0.088243  0.136000      0.999038      0.000000      0.998999      0.000000
7     Cooperative_11      2.640527            0.775757  30.0             1.0              27  0.687770  0.087986  0.088243  0.136000      0.999038      0.000000      0.998999      0.000000
8     Cooperative_21      2.640527            0.775757  30.0             1.0              38  0.687770  0.087986  0.088243  0.136000      0.999038      0.000000      0.998999      0.000000
9         Neutral_13      2.640527            0.775757  30.0             1.0              54  0.687770  0.087986  0.088243  0.136000      0.999038      0.000000      0.998999      0.000000
10        Neutral_18      2.640527            0.775757  30.0             1.0              59  0.687770  0.087986  0.088243  0.136000      0.999038      0.000000      0.998999      0.000000
11        Neutral_19      2.640527            0.775757  30.0             1.0              60  0.687770  0.087986  0.088243  0.136000      0.999038      0.000000      0.998999      0.000000
12         Neutral_2      2.640527            0.775757  30.0             1.0              61  0.687770  0.087986  0.088243  0.136000      0.999038      0.000000      0.998999      0.000000
13         Neutral_8      2.640527            0.775757  30.0             1.0              73  0.687770  0.087986  0.088243  0.136000      0.999038      0.000000      0.998999      0.000000
14    Cooperative_10      2.639338            0.776500   0.0             1.0              26  0.688162  0.088338  0.087838  0.135662      1.000000      0.000000      1.000000      0.000000
15    Cooperative_15      2.639338            0.776500   0.0             1.0              31  0.688162  0.088338  0.087838  0.135662      1.000000      0.000000      1.000000      0.000000
16    Cooperative_22      2.639338            0.776500   0.0             1.0              39  0.688162  0.088338  0.087838  0.135662      1.000000      0.000000      1.000000      0.000000
17        Neutral_10      2.639338            0.776500   0.0             1.0              51  0.688162  0.088338  0.087838  0.135662      1.000000      0.000000      1.000000      0.000000
18        Neutral_12      2.639338            0.776500   0.0             1.0              53  0.688162  0.088338  0.087838  0.135662      1.000000      0.000000      1.000000      0.000000
19        Neutral_16      2.639338            0.776500   0.0             1.0              57  0.688162  0.088338  0.087838  0.135662      1.000000      0.000000      1.000000      0.000000
20        Neutral_21      2.639338            0.776500   0.0             1.0              63  0.688162  0.088338  0.087838  0.135662      1.000000      0.000000      1.000000      0.000000
21        Neutral_23      2.639338            0.776500   0.0             1.0              65  0.688162  0.088338  0.087838  0.135662      1.000000      0.000000      1.000000      0.000000
22        Neutral_25      2.639338            0.776500   0.0             1.0              67  0.688162  0.088338  0.087838  0.135662      1.000000      0.000000      1.000000      0.000000
23         Neutral_9      2.639338            0.776500   0.0             1.0              74  0.688162  0.088338  0.087838  0.135662      1.000000      0.000000      1.000000      0.000000
24     Cooperative_3      2.622162            0.874959  30.0             1.0              43  0.750662  0.124297  0.061284  0.063757      0.998964      0.000000      1.000000      1.000000
25     Cooperative_8      2.622162            0.874959  30.0             1.0              48  0.750662  0.124297  0.061284  0.063757      0.998964      0.000000      1.000000      1.000000
26     Cooperative_9      2.622162            0.874959  30.0             1.0              49  0.750662  0.124297  0.061284  0.063757      0.998964      0.000000      1.000000      1.000000
27    Cooperative_13      2.620932            0.875703   0.0             1.0              29  0.751095  0.124608  0.060838  0.063459      1.000000      0.000000      1.000000      1.000000
28     Cooperative_2      2.620932            0.875703   0.0             1.0              36  0.751095  0.124608  0.060838  0.063459      1.000000      0.000000      1.000000      1.000000
29    Cooperative_20      2.620932            0.875703   0.0             1.0              37  0.751095  0.124608  0.060838  0.063459      1.000000      0.000000      1.000000      1.000000
30    Cooperative_23      2.620932            0.875703   0.0             1.0              40  0.751095  0.124608  0.060838  0.063459      1.000000      0.000000      1.000000      1.000000
31    Cooperative_24      2.620932            0.875703   0.0             1.0              41  0.751095  0.124608  0.060838  0.063459      1.000000      0.000000      1.000000      1.000000
32    Cooperative_25      2.620932            0.875703   0.0             1.0              42  0.751095  0.124608  0.060838  0.063459      1.000000      0.000000      1.000000      1.000000
33         Neutral_3      2.620932            0.875703   0.0             1.0              68  0.751095  0.124608  0.060838  0.063459      1.000000      0.000000      1.000000      1.000000
34     Cooperative_4      2.604419            0.811865  30.0             1.0              44  0.687770  0.124095  0.088243  0.099892      0.999038      0.000000      0.998999      0.498832
35         Neutral_4      2.604419            0.811865  30.0             1.0              69  0.687770  0.124095  0.088243  0.099892      0.999038      0.000000      0.998999      0.498832
36    Cooperative_12      2.603135            0.812703   0.0             1.0              28  0.688162  0.124541  0.087838  0.099459      1.000000      0.000000      1.000000      0.500000
37     Aggressive_17      2.591203            0.742338   3.0             0.0               8  0.687054  0.055284  0.068095  0.189568      0.972727      0.754353      0.957594      0.583918
38    Cooperative_16      2.585095            0.832230  56.0             1.0              32  0.714459  0.117770  0.068482  0.099288      0.998984      0.000000      0.913039      0.656350
39        Neutral_22      2.543757            1.000000   0.0             1.0              64  0.847919  0.152081  0.000000  0.000000      1.000000      1.000000      0.000000      0.000000
40        Neutral_15      2.542932            0.792635   0.0             1.0              56  0.688162  0.104473  0.067770  0.139595      1.000000      0.000000      0.505988      0.750000
41     Cooperative_6      2.534486            0.835811  50.0             1.0              46  0.723000  0.112811  0.050324  0.113865      0.999053      0.000000      0.000000      0.994268
42     Cooperative_5      2.534378            0.836662  30.0             1.0              45  0.723716  0.112946  0.049973  0.113365      0.998962      0.000000      0.000000      0.998883
43         Neutral_1      2.534378            0.836662  30.0             1.0              50  0.723716  0.112946  0.049973  0.113365      0.998962      0.000000      0.000000      0.998883
44        Neutral_11      2.534378            0.836662  30.0             1.0              52  0.723716  0.112946  0.049973  0.113365      0.998962      0.000000      0.000000      0.998883
45         Neutral_6      2.534378            0.836662  30.0             1.0              71  0.723716  0.112946  0.049973  0.113365      0.998962      0.000000      0.000000      0.998883
46    Cooperative_18      2.533068            0.837514   2.0             1.0              34  0.724122  0.113392  0.049554  0.112932      1.000000      0.000000      0.000000      1.000000
47    Cooperative_19      2.533068            0.837514   2.0             1.0              35  0.724122  0.113392  0.049554  0.112932      1.000000      0.000000      0.000000      1.000000
48        Neutral_14      2.533068            0.837514   2.0             1.0              55  0.724122  0.113392  0.049554  0.112932      1.000000      0.000000      0.000000      1.000000
49        Neutral_20      2.533068            0.837514   2.0             1.0              62  0.724122  0.113392  0.049554  0.112932      1.000000      0.000000      0.000000      1.000000
50        Neutral_24      2.533068            0.837514   2.0             1.0              66  0.724122  0.113392  0.049554  0.112932      1.000000      0.000000      0.000000      1.000000
51     Aggressive_21      2.334730            0.634135   4.0             0.0              13  0.565568  0.068568  0.068041  0.297824      1.000000      0.709242      1.000000      0.000000
52      Aggressive_9      2.308439            0.530308   9.0             0.0              24  0.173751  0.356557  0.329354  0.140338      1.000000      0.000000      1.000000      0.680022
53      Aggressive_2      2.234385            0.595990  43.0             0.0              11  0.371795  0.224195  0.178734  0.225276      0.999135      0.000000      0.000000      0.999589
54      Aggressive_5      2.233757            0.596497  30.5             0.0              20  0.372036  0.224461  0.178489  0.225015      1.000000      0.000000      0.000000      1.000000
55     Aggressive_22      2.233662            0.596469  30.0             0.0              14  0.371993  0.224476  0.178501  0.225030      1.000000      0.000000      0.000000      1.000000
56     Aggressive_18      2.233500            0.596470  30.5             0.0               9  0.371996  0.224474  0.178501  0.225028      1.000000      0.000000      0.000000      1.000000
57     Aggressive_14      2.220709            0.255162  46.0             0.0               5  0.120597  0.134566  0.278524  0.466314      0.000000      0.000000      0.325321      0.987973
58      Aggressive_6      2.218095            0.347581  46.0             0.0              21  0.116095  0.231486  0.304341  0.348078      0.000000      0.000000      0.000000      1.000000
59      Aggressive_8      2.100419            0.401326  46.0             0.0              23  0.106341  0.294985  0.295674  0.303000      0.998982      0.000000      0.998860      0.000000
60     Aggressive_16      2.099818            0.401846  11.0             0.0               7  0.106368  0.295478  0.295627  0.302527      1.000000      0.000000      1.000000      0.000000
61     Aggressive_12      2.099804            0.401859  11.0             0.0               3  0.106395  0.295465  0.295614  0.302527      1.000000      0.000000      1.000000      0.000000
62      Aggressive_3      2.099791            0.401817  11.0             0.0              18  0.106309  0.295507  0.295656  0.302527      1.000000      0.000000      1.000000      0.000000
63     Aggressive_25      2.099777            0.401820  11.0             0.0              17  0.106315  0.295505  0.295653  0.302527      1.000000      0.000000      1.000000      0.000000
64     Aggressive_20      2.099770            0.401827  11.0             0.0              12  0.106330  0.295497  0.295646  0.302527      1.000000      0.000000      1.000000      0.000000
65     Aggressive_10      2.099757            0.401823  11.0             0.0               1  0.106322  0.295501  0.295650  0.302527      1.000000      0.000000      1.000000      0.000000
66      Aggressive_4      2.099757            0.401815  11.0             0.0              19  0.106305  0.295509  0.295658  0.302527      1.000000      0.000000      1.000000      0.000000
67      Aggressive_1      1.898182            0.015901  57.0             0.0               0  0.006757  0.009144  0.223436  0.760663      0.000000      0.000000      0.485754      0.000000
68     Aggressive_13      1.875905            0.042484  57.0             0.0               4  0.041849  0.000635  0.198714  0.758802      1.000000      0.000000      0.256452      0.000000
69     Aggressive_23      1.848622            0.000000  57.0             0.0              15  0.000000  0.000000  0.212116  0.787884      0.000000      0.000000      0.000000      0.000000
70     Aggressive_19      1.848459            0.000000  57.0             0.0              10  0.000000  0.000000  0.212115  0.787885      0.000000      0.000000      0.000000      0.000000
71     Aggressive_15      1.848270            0.000000  57.0             0.0               6  0.000000  0.000000  0.212067  0.787933      0.000000      0.000000      0.000000      0.000000
72      Aggressive_7      1.848270            0.000000  57.0             0.0              22  0.000000  0.000000  0.212061  0.787939      0.000000      0.000000      0.000000      0.000000
73     Aggressive_11      1.821784            0.014214  57.0             0.0               2  0.014160  0.000054  0.198645  0.787141      1.000000      0.000000      0.268672      0.000000
74     Aggressive_24      1.821730            0.015300  57.0             0.0              16  0.015246  0.000054  0.198520  0.786180      1.000000      0.000000      0.268878      0.000000