Normalised cooperation:
column       Aggressive  Cooperative   Neutral
index                                         
Aggressive     0.202461     0.221756  0.207233
Cooperative    0.371693     0.926121  0.925951
Neutral        0.240724     0.922755  0.922403

Payoffs:
column       Aggressive  Cooperative   Neutral
index                                         
Aggressive     1.544651     2.159563  1.669526
Cooperative    1.409877     2.906024  2.896357
Neutral        1.502070     2.912336  2.900808

Results Summary:
                Name  Median_score  Cooperation_rating  Wins  Initial_C_rate  Original_index   CC_rate   CD_rate   DC_rate   DD_rate  CC_to_C_rate  CD_to_C_rate  DC_to_C_rate  DD_to_C_rate
Rank                                                                                                                                                                                        
0         Neutral_16      2.474007            0.706145   1.0             1.0              57  0.644257  0.061889  0.061843  0.232012      1.000000      0.000000      0.940136      0.008159
1      Cooperative_1      2.472608            0.705891   0.0             1.0              25  0.644149  0.061742  0.061512  0.232597      1.000000      0.000000      1.000000      0.000000
2     Cooperative_12      2.472608            0.705890   0.0             1.0              28  0.644149  0.061741  0.061511  0.232599      1.000000      0.000000      1.000000      0.000000
3     Cooperative_14      2.472608            0.705889   0.0             1.0              30  0.644149  0.061741  0.061511  0.232600      1.000000      0.000000      1.000000      0.000000
4     Cooperative_16      2.472608            0.705890   0.0             1.0              32  0.644149  0.061741  0.061511  0.232599      1.000000      0.000000      1.000000      0.000000
5     Cooperative_19      2.472608            0.705889   0.0             1.0              35  0.644149  0.061740  0.061510  0.232601      1.000000      0.000000      1.000000      0.000000
6     Cooperative_21      2.472608            0.705891   0.0             1.0              38  0.644149  0.061743  0.061513  0.232596      1.000000      0.000000      1.000000      0.000000
7     Cooperative_22      2.472608            0.705888   0.0             1.0              39  0.644149  0.061739  0.061509  0.232603      1.000000      0.000000      1.000000      0.000000
8      Cooperative_3      2.472608            0.705891   0.0             1.0              43  0.644149  0.061743  0.061513  0.232596      1.000000      0.000000      1.000000      0.000000
9      Cooperative_4      2.472608            0.705889   0.0             1.0              44  0.644149  0.061741  0.061511  0.232600      1.000000      0.000000      1.000000      0.000000
10     Cooperative_6      2.472608            0.705889   0.0             1.0              46  0.644149  0.061741  0.061511  0.232600      1.000000      0.000000      1.000000      0.000000
11     Cooperative_7      2.472608            0.705891   0.0             1.0              47  0.644149  0.061742  0.061512  0.232597      1.000000      0.000000      1.000000      0.000000
12     Cooperative_9      2.472608            0.705891   0.0             1.0              49  0.644149  0.061743  0.061513  0.232596      1.000000      0.000000      1.000000      0.000000
13         Neutral_1      2.472608            0.705889   0.0             1.0              50  0.644149  0.061740  0.061510  0.232601      1.000000      0.000000      1.000000      0.000000
14        Neutral_10      2.472608            0.705890   0.0             1.0              51  0.644149  0.061741  0.061511  0.232599      1.000000      0.000000      1.000000      0.000000
15        Neutral_11      2.472608            0.705889   0.0             1.0              52  0.644149  0.061741  0.061511  0.232600      1.000000      0.000000      1.000000      0.000000
16        Neutral_12      2.472608            0.705889   0.0             1.0              53  0.644149  0.061741  0.061511  0.232600      1.000000      0.000000      1.000000      0.000000
17        Neutral_13      2.472608            0.705891   0.0             1.0              54  0.644149  0.061742  0.061512  0.232597      1.000000      0.000000      1.000000      0.000000
18        Neutral_15      2.472608            0.705891   0.0             1.0              56  0.644149  0.061742  0.061512  0.232597      1.000000      0.000000      1.000000      0.000000
19        Neutral_17      2.472608            0.705889   0.0             1.0              58  0.644149  0.061740  0.061510  0.232601      1.000000      0.000000      1.000000      0.000000
20        Neutral_18      2.472608            0.705890   0.0             1.0              59  0.644149  0.061741  0.061511  0.232599      1.000000      0.000000      1.000000      0.000000
21        Neutral_19      2.472608            0.705892   0.0             1.0              60  0.644149  0.061743  0.061514  0.232595      1.000000      0.000000      1.000000      0.000000
22        Neutral_20      2.472608            0.705891   0.0             1.0              62  0.644149  0.061742  0.061512  0.232597      1.000000      0.000000      1.000000      0.000000
23        Neutral_21      2.472608            0.705892   0.0             1.0              63  0.644149  0.061743  0.061514  0.232595      1.000000      0.000000      1.000000      0.000000
24        Neutral_23      2.472608            0.705889   0.0             1.0              65  0.644149  0.061741  0.061511  0.232600      1.000000      0.000000      1.000000      0.000000
25        Neutral_24      2.472608            0.705889   0.0             1.0              66  0.644149  0.061740  0.061510  0.232601      1.000000      0.000000      1.000000      0.000000
26        Neutral_25      2.472608            0.705891   0.0             1.0              67  0.644149  0.061742  0.061512  0.232597      1.000000      0.000000      1.000000      0.000000
27         Neutral_3      2.472608            0.705889   0.0             1.0              68  0.644149  0.061740  0.061510  0.232601      1.000000      0.000000      1.000000      0.000000
28         Neutral_4      2.472608            0.705890   0.0             1.0              69  0.644149  0.061741  0.061511  0.232599      1.000000      0.000000      1.000000      0.000000
29         Neutral_5      2.472608            0.705888   0.0             1.0              70  0.644149  0.061739  0.061509  0.232603      1.000000      0.000000      1.000000      0.000000
30         Neutral_6      2.472608            0.705891   0.0             1.0              71  0.644149  0.061742  0.061512  0.232597      1.000000      0.000000      1.000000      0.000000
31         Neutral_8      2.472608            0.705888   0.0             1.0              73  0.644149  0.061739  0.061509  0.232603      1.000000      0.000000      1.000000      0.000000
32     Aggressive_11      2.472446            0.754561   0.0             0.0               2  0.718541  0.036020  0.017855  0.227584      1.000000      0.852622      1.000000      0.209644
33         Neutral_9      2.462757            0.723150   0.0             1.0              74  0.646707  0.076443  0.061434  0.215416      1.000000      0.456666      1.000000      0.039301
34        Neutral_22      2.461797            0.715728   0.0             1.0              64  0.644581  0.071147  0.060950  0.223322      1.000000      0.000000      0.935035      0.055019
35    Cooperative_13      2.449169            0.728250   0.0             1.0              29  0.647357  0.080893  0.059474  0.212276      1.000000      0.000000      1.000000      0.102122
36         Neutral_2      2.434095            0.760064   0.0             1.0              61  0.644162  0.115902  0.065407  0.174528      1.000000      0.000000      1.000000      0.319297
37    Cooperative_15      2.434041            0.760065   0.0             1.0              31  0.644162  0.115903  0.065407  0.174528      1.000000      0.000000      1.000000      0.319305
38    Cooperative_18      2.434020            0.760064   0.0             1.0              34  0.644162  0.115902  0.065406  0.174530      1.000000      0.000000      1.000000      0.319305
39    Cooperative_10      2.424000            0.778895   0.0             1.0              26  0.644162  0.134732  0.067604  0.153501      1.000000      0.000000      1.000000      0.499835
40    Cooperative_20      2.424000            0.778899   0.0             1.0              37  0.644162  0.134736  0.067610  0.153491      1.000000      0.000000      1.000000      0.499849
41    Cooperative_25      2.424000            0.778893   0.0             1.0              42  0.644162  0.134731  0.067596  0.153511      1.000000      0.000000      1.000000      0.499849
42    Cooperative_11      2.422338            0.774375   0.0             1.0              27  0.644162  0.130213  0.066055  0.159570      1.000000      0.000000      0.937755      0.499786
43    Cooperative_17      2.400385            0.815382   0.0             1.0              33  0.652670  0.162712  0.064438  0.120180      1.000000      0.471338      1.000000      0.487653
44     Cooperative_5      2.352020            0.840135   0.0             1.0              45  0.680182  0.159953  0.037925  0.121940      1.000000      0.000000      1.000000      1.000000
45    Cooperative_23      2.351750            0.840023   0.0             1.0              40  0.679958  0.160065  0.037999  0.121978      1.000000      0.000000      1.000000      1.000000
46    Cooperative_24      2.205986            0.999000  45.0             1.0              41  0.733986  0.265014  0.000756  0.000244      0.999081      0.999141      0.000000      0.000000
47     Aggressive_17      2.134973            0.394662   4.0             0.0               8  0.049230  0.345432  0.345486  0.259851      1.000000      0.000000      1.000000      0.000000
48      Aggressive_8      2.134973            0.394662   4.0             0.0              23  0.049230  0.345432  0.345486  0.259851      1.000000      0.000000      1.000000      0.000000
49        Neutral_14      2.134973            0.394662   4.0             0.0              55  0.049230  0.345432  0.345486  0.259851      1.000000      0.000000      1.000000      0.000000
50     Aggressive_23      2.123155            0.461575   3.0             0.0              15  0.049243  0.412332  0.359250  0.179175      1.000000      0.000000      1.000000      0.333110
51     Cooperative_2      2.055601            0.538861   3.0             1.0              36  0.079286  0.459575  0.339161  0.121978      0.956271      0.000000      1.000000      1.000000
52     Aggressive_10      2.053818            0.546992  10.0             0.0               1  0.210286  0.336706  0.242491  0.210517      0.000000      1.000000      0.000000      1.000000
53     Aggressive_20      2.053588            0.547047  10.0             0.0              12  0.210266  0.336781  0.242462  0.210491      0.000000      1.000000      0.000000      1.000000
54     Aggressive_25      2.053547            0.547051  10.0             0.0              17  0.210303  0.336749  0.242414  0.210534      0.000000      1.000000      0.000000      1.000000
55     Aggressive_21      2.031784            0.542969  48.0             0.0              13  0.088089  0.454880  0.327859  0.129172      0.998569      0.000000      0.965761      0.971537
56     Aggressive_16      1.871973            0.690332   7.0             1.0               7  0.303765  0.386568  0.162771  0.146897      0.525786      0.992150      0.857714      0.877070
57     Cooperative_8      1.864216            0.587840   9.0             1.0              48  0.196841  0.390999  0.215403  0.196757      0.000000      1.000000      0.000000      1.000000
58         Neutral_7      1.863993            0.588016   8.0             1.0              72  0.196853  0.391164  0.215347  0.196637      0.002438      1.000000      0.002541      1.000000
59     Aggressive_12      1.795034            0.086709  25.0             0.0               3  0.003611  0.083098  0.217726  0.695565      0.000000      0.000000      0.272160      0.125321
60     Aggressive_24      1.665581            0.018724  55.0             0.0              16  0.000266  0.018459  0.170870  0.810405      1.000000      0.000000      0.431992      0.007338
61     Aggressive_14      1.660230            0.000878  58.0             0.0               5  0.000111  0.000768  0.165214  0.833907      0.000000      0.000000      0.000000      0.008768
62      Aggressive_7      1.659432            0.000000  62.0             0.0              22  0.000000  0.000000  0.164874  0.835126      0.000000      0.000000      0.000000      0.000000
63     Aggressive_18      1.659405            0.000000  62.0             0.0               9  0.000000  0.000000  0.164832  0.835168      0.000000      0.000000      0.000000      0.000000
64      Aggressive_5      1.659378            0.000000  62.0             0.0              20  0.000000  0.000000  0.164836  0.835164      0.000000      0.000000      0.000000      0.000000
65      Aggressive_1      1.659324            0.000000  62.0             0.0               0  0.000000  0.000000  0.164851  0.835149      0.000000      0.000000      0.000000      0.000000
66      Aggressive_4      1.659324            0.000000  62.0             0.0              19  0.000000  0.000000  0.164849  0.835151      0.000000      0.000000      0.000000      0.000000
67      Aggressive_6      1.659270            0.000000  62.0             0.0              21  0.000000  0.000000  0.164814  0.835186      0.000000      0.000000      0.000000      0.000000
68      Aggressive_3      1.659243            0.000000  62.0             0.0              18  0.000000  0.000000  0.164828  0.835172      0.000000      0.000000      0.000000      0.000000
69     Aggressive_15      1.659176            0.000401  59.0             0.0               6  0.000068  0.000334  0.164837  0.834761      0.000000      0.000000      0.417667      0.063440
70     Aggressive_13      1.585986            0.019689  62.0             0.0               4  0.017405  0.002284  0.138388  0.841923      0.000000      0.000000      0.261623      0.179156
71     Aggressive_19      1.566622            0.020986  58.0             0.0              10  0.020284  0.000703  0.131691  0.847323      0.000000      0.000000      0.333270      0.001010
72      Aggressive_9      1.539338            0.034677  55.0             0.0              24  0.033799  0.000878  0.118153  0.847170      0.000000      0.000000      0.000000      0.099606
73     Aggressive_22      1.444291            0.101518  61.0             0.0              14  0.063014  0.038504  0.089451  0.809030      0.995243      0.361700      0.489018      0.180758
74      Aggressive_2      1.427716            0.091632  59.0             0.0              11  0.042366  0.049266  0.098127  0.810241      0.850636      0.000000      0.538009      0.000000