Normalised cooperation:
column       Aggressive  Cooperative  Neutral
index                                        
Aggressive     0.082202      0.08672  0.08672
Cooperative    0.087600      1.00000  1.00000
Neutral        0.087600      1.00000  1.00000

Payoffs:
column       Aggressive  Cooperative  Neutral
index                                        
Aggressive     1.232203      1.24364  1.24364
Cooperative    1.239240      3.00000  3.00000
Neutral        1.239240      3.00000  3.00000

Results Summary:
                Name  Median_score  Cooperation_rating  Wins  Initial_C_rate  Original_index   CC_rate   CD_rate   DC_rate   DD_rate  CC_to_C_rate  CD_to_C_rate  DC_to_C_rate  DD_to_C_rate
Rank                                                                                                                                                                                        
0      Cooperative_1      2.405149            0.691757   0.0             1.0              25  0.668932  0.022824  0.022527  0.285716           1.0      0.000000      1.000000      0.000000
1     Cooperative_10      2.405149            0.691757   0.0             1.0              26  0.668932  0.022824  0.022527  0.285716           1.0      0.000000      1.000000      0.000000
2     Cooperative_11      2.405149            0.691757   0.0             1.0              27  0.668932  0.022824  0.022527  0.285716           1.0      0.000000      1.000000      0.000000
3     Cooperative_12      2.405149            0.691757   0.0             1.0              28  0.668932  0.022824  0.022527  0.285716           1.0      0.000000      1.000000      0.000000
4     Cooperative_13      2.405149            0.691757   0.0             1.0              29  0.668932  0.022824  0.022527  0.285716           1.0      0.000000      1.000000      0.000000
5     Cooperative_14      2.405149            0.691757   0.0             1.0              30  0.668932  0.022824  0.022527  0.285716           1.0      0.000000      1.000000      0.000000
6     Cooperative_15      2.405149            0.691757   0.0             1.0              31  0.668932  0.022824  0.022527  0.285716           1.0      0.000000      1.000000      0.000000
7     Cooperative_16      2.405149            0.691757   0.0             1.0              32  0.668932  0.022824  0.022527  0.285716           1.0      0.000000      1.000000      0.000000
8     Cooperative_17      2.405149            0.691757   0.0             1.0              33  0.668932  0.022824  0.022527  0.285716           1.0      0.000000      1.000000      0.000000
9     Cooperative_18      2.405149            0.691757   0.0             1.0              34  0.668932  0.022824  0.022527  0.285716           1.0      0.000000      1.000000      0.000000
10    Cooperative_19      2.405149            0.691757   0.0             1.0              35  0.668932  0.022824  0.022527  0.285716           1.0      0.000000      1.000000      0.000000
11     Cooperative_2      2.405149            0.691757   0.0             1.0              36  0.668932  0.022824  0.022527  0.285716           1.0      0.000000      1.000000      0.000000
12    Cooperative_20      2.405149            0.691757   0.0             1.0              37  0.668932  0.022824  0.022527  0.285716           1.0      0.000000      1.000000      0.000000
13    Cooperative_21      2.405149            0.691757   0.0             1.0              38  0.668932  0.022824  0.022527  0.285716           1.0      0.000000      1.000000      0.000000
14    Cooperative_22      2.405149            0.691757   0.0             1.0              39  0.668932  0.022824  0.022527  0.285716           1.0      0.000000      1.000000      0.000000
15    Cooperative_23      2.405149            0.691757   0.0             1.0              40  0.668932  0.022824  0.022527  0.285716           1.0      0.000000      1.000000      0.000000
16    Cooperative_24      2.405149            0.691757   0.0             1.0              41  0.668932  0.022824  0.022527  0.285716           1.0      0.000000      1.000000      0.000000
17    Cooperative_25      2.405149            0.691757   0.0             1.0              42  0.668932  0.022824  0.022527  0.285716           1.0      0.000000      1.000000      0.000000
18     Cooperative_3      2.405149            0.691757   0.0             1.0              43  0.668932  0.022824  0.022527  0.285716           1.0      0.000000      1.000000      0.000000
19     Cooperative_4      2.405149            0.691757   0.0             1.0              44  0.668932  0.022824  0.022527  0.285716           1.0      0.000000      1.000000      0.000000
20     Cooperative_5      2.405149            0.691757   0.0             1.0              45  0.668932  0.022824  0.022527  0.285716           1.0      0.000000      1.000000      0.000000
21     Cooperative_6      2.405149            0.691757   0.0             1.0              46  0.668932  0.022824  0.022527  0.285716           1.0      0.000000      1.000000      0.000000
22     Cooperative_7      2.405149            0.691757   0.0             1.0              47  0.668932  0.022824  0.022527  0.285716           1.0      0.000000      1.000000      0.000000
23     Cooperative_8      2.405149            0.691757   0.0             1.0              48  0.668932  0.022824  0.022527  0.285716           1.0      0.000000      1.000000      0.000000
24     Cooperative_9      2.405149            0.691757   0.0             1.0              49  0.668932  0.022824  0.022527  0.285716           1.0      0.000000      1.000000      0.000000
25         Neutral_1      2.405149            0.691757   0.0             1.0              50  0.668932  0.022824  0.022527  0.285716           1.0      0.000000      1.000000      0.000000
26        Neutral_10      2.405149            0.691757   0.0             1.0              51  0.668932  0.022824  0.022527  0.285716           1.0      0.000000      1.000000      0.000000
27        Neutral_11      2.405149            0.691757   0.0             1.0              52  0.668932  0.022824  0.022527  0.285716           1.0      0.000000      1.000000      0.000000
28        Neutral_12      2.405149            0.691757   0.0             1.0              53  0.668932  0.022824  0.022527  0.285716           1.0      0.000000      1.000000      0.000000
29        Neutral_13      2.405149            0.691757   0.0             1.0              54  0.668932  0.022824  0.022527  0.285716           1.0      0.000000      1.000000      0.000000
30        Neutral_14      2.405149            0.691757   0.0             1.0              55  0.668932  0.022824  0.022527  0.285716           1.0      0.000000      1.000000      0.000000
31        Neutral_15      2.405149            0.691757   0.0             1.0              56  0.668932  0.022824  0.022527  0.285716           1.0      0.000000      1.000000      0.000000
32        Neutral_16      2.405149            0.691757   0.0             1.0              57  0.668932  0.022824  0.022527  0.285716           1.0      0.000000      1.000000      0.000000
33        Neutral_17      2.405149            0.691757   0.0             1.0              58  0.668932  0.022824  0.022527  0.285716           1.0      0.000000      1.000000      0.000000
34        Neutral_18      2.405149            0.691757   0.0             1.0              59  0.668932  0.022824  0.022527  0.285716           1.0      0.000000      1.000000      0.000000
35        Neutral_19      2.405149            0.691757   0.0             1.0              60  0.668932  0.022824  0.022527  0.285716           1.0      0.000000      1.000000      0.000000
36         Neutral_2      2.405149            0.691757   0.0             1.0              61  0.668932  0.022824  0.022527  0.285716           1.0      0.000000      1.000000      0.000000
37        Neutral_20      2.405149            0.691757   0.0             1.0              62  0.668932  0.022824  0.022527  0.285716           1.0      0.000000      1.000000      0.000000
38        Neutral_21      2.405149            0.691757   0.0             1.0              63  0.668932  0.022824  0.022527  0.285716           1.0      0.000000      1.000000      0.000000
39        Neutral_22      2.405149            0.691757   0.0             1.0              64  0.668932  0.022824  0.022527  0.285716           1.0      0.000000      1.000000      0.000000
40        Neutral_23      2.405149            0.691757   0.0             1.0              65  0.668932  0.022824  0.022527  0.285716           1.0      0.000000      1.000000      0.000000
41        Neutral_24      2.405149            0.691757   0.0             1.0              66  0.668932  0.022824  0.022527  0.285716           1.0      0.000000      1.000000      0.000000
42        Neutral_25      2.405149            0.691757   0.0             1.0              67  0.668932  0.022824  0.022527  0.285716           1.0      0.000000      1.000000      0.000000
43         Neutral_3      2.405149            0.691757   0.0             1.0              68  0.668932  0.022824  0.022527  0.285716           1.0      0.000000      1.000000      0.000000
44         Neutral_4      2.405149            0.691757   0.0             1.0              69  0.668932  0.022824  0.022527  0.285716           1.0      0.000000      1.000000      0.000000
45         Neutral_5      2.405149            0.691757   0.0             1.0              70  0.668932  0.022824  0.022527  0.285716           1.0      0.000000      1.000000      0.000000
46         Neutral_6      2.405149            0.691757   0.0             1.0              71  0.668932  0.022824  0.022527  0.285716           1.0      0.000000      1.000000      0.000000
47         Neutral_7      2.405149            0.691757   0.0             1.0              72  0.668932  0.022824  0.022527  0.285716           1.0      0.000000      1.000000      0.000000
48         Neutral_8      2.405149            0.691757   0.0             1.0              73  0.668932  0.022824  0.022527  0.285716           1.0      0.000000      1.000000      0.000000
49         Neutral_9      2.405149            0.691757   0.0             1.0              74  0.668932  0.022824  0.022527  0.285716           1.0      0.000000      1.000000      0.000000
50     Aggressive_23      2.074338            0.360365   0.0             0.0              15  0.006757  0.353608  0.353608  0.286027           1.0      0.000000      1.000000      0.000000
51     Aggressive_16      1.901541            0.365405   0.0             0.0               7  0.192568  0.172838  0.172311  0.462284           0.0      0.859155      0.000000      0.730001
52     Aggressive_22      1.632095            0.634851   0.0             0.0              14  0.192568  0.442284  0.172311  0.192838           0.0      1.000000      0.000000      1.000000
53     Aggressive_24      1.596676            0.384892  50.0             0.0              16  0.020270  0.364622  0.230189  0.384919           0.0      0.000000      0.000000      1.000000
54     Aggressive_25      1.596676            0.384892  50.0             0.0              17  0.020270  0.364622  0.230189  0.384919           0.0      0.000000      0.000000      1.000000
55      Aggressive_2      1.112932            0.000689  54.0             0.0              11  0.000000  0.000689  0.028405  0.970905           0.0      0.000000      0.509804      0.000000
56     Aggressive_14      1.111838            0.001000  54.0             1.0               5  0.000676  0.000324  0.027703  0.971297           0.0      0.000000      0.000000      0.000000
57      Aggressive_1      1.110919            0.000000  55.0             0.0               0  0.000000  0.000000  0.027730  0.972270           0.0      0.000000      0.000000      0.000000
58     Aggressive_10      1.110919            0.000000  55.0             0.0               1  0.000000  0.000000  0.027730  0.972270           0.0      0.000000      0.000000      0.000000
59     Aggressive_11      1.110919            0.000000  55.0             0.0               2  0.000000  0.000000  0.027730  0.972270           0.0      0.000000      0.000000      0.000000
60     Aggressive_12      1.110919            0.000000  55.0             0.0               3  0.000000  0.000000  0.027730  0.972270           0.0      0.000000      0.000000      0.000000
61     Aggressive_13      1.110919            0.000000  55.0             0.0               4  0.000000  0.000000  0.027730  0.972270           0.0      0.000000      0.000000      0.000000
62     Aggressive_15      1.110919            0.000000  55.0             0.0               6  0.000000  0.000000  0.027730  0.972270           0.0      0.000000      0.000000      0.000000
63     Aggressive_17      1.110919            0.000000  55.0             0.0               8  0.000000  0.000000  0.027730  0.972270           0.0      0.000000      0.000000      0.000000
64     Aggressive_18      1.110919            0.000000  55.0             0.0               9  0.000000  0.000000  0.027730  0.972270           0.0      0.000000      0.000000      0.000000
65     Aggressive_19      1.110919            0.000000  55.0             0.0              10  0.000000  0.000000  0.027730  0.972270           0.0      0.000000      0.000000      0.000000
66     Aggressive_20      1.110919            0.000000  55.0             0.0              12  0.000000  0.000000  0.027730  0.972270           0.0      0.000000      0.000000      0.000000
67     Aggressive_21      1.110919            0.000000  55.0             0.0              13  0.000000  0.000000  0.027730  0.972270           0.0      0.000000      0.000000      0.000000
68      Aggressive_3      1.110919            0.000000  55.0             0.0              18  0.000000  0.000000  0.027730  0.972270           0.0      0.000000      0.000000      0.000000
69      Aggressive_4      1.110919            0.000000  55.0             0.0              19  0.000000  0.000000  0.027730  0.972270           0.0      0.000000      0.000000      0.000000
70      Aggressive_5      1.110919            0.000000  55.0             0.0              20  0.000000  0.000000  0.027730  0.972270           0.0      0.000000      0.000000      0.000000
71      Aggressive_6      1.110919            0.000000  55.0             0.0              21  0.000000  0.000000  0.027730  0.972270           0.0      0.000000      0.000000      0.000000
72      Aggressive_7      1.110919            0.000000  55.0             0.0              22  0.000000  0.000000  0.027730  0.972270           0.0      0.000000      0.000000      0.000000
73      Aggressive_8      1.110919            0.000000  55.0             0.0              23  0.000000  0.000000  0.027730  0.972270           0.0      0.000000      0.000000      0.000000
74      Aggressive_9      1.110919            0.000000  55.0             0.0              24  0.000000  0.000000  0.027730  0.972270           0.0      0.000000      0.000000      0.000000