Normalised cooperation:
column       Aggressive  Cooperative   Neutral
index                                         
Aggressive     0.176469     0.271256  0.236630
Cooperative    0.434955     0.998662  0.811603
Neutral        0.345982     0.778877  0.635427

Payoffs:
column       Aggressive  Cooperative   Neutral
index                                         
Aggressive     1.485651     2.288290  2.021954
Cooperative    1.469794     2.997664  2.634818
Neutral        1.475194     2.798450  2.455586

Results Summary:
                Name  Median_score  Cooperation_rating  Wins  Initial_C_rate  Original_index   CC_rate   CD_rate   DC_rate   DD_rate  CC_to_C_rate  CD_to_C_rate  DC_to_C_rate  DD_to_C_rate
Rank                                                                                                                                                                                        
0     Cooperative_15      2.512176            0.732568   0.0             1.0              31  0.673203  0.059365  0.056284  0.211149      1.000000      0.631481      1.000000      0.000000
1     Cooperative_24      2.509257            0.541095  14.0             1.0              41  0.540568  0.000527  0.107162  0.351743      1.000000      0.000000      0.000000      0.000000
2         Neutral_23      2.509257            0.541095  14.0             1.0              65  0.540568  0.000527  0.107162  0.351743      1.000000      0.000000      0.000000      0.000000
3     Cooperative_17      2.461365            0.666757   7.0             1.0              33  0.583122  0.083635  0.094689  0.238554      1.000000      0.822953      0.865385      0.000000
4         Neutral_14      2.461365            0.666757   7.0             1.0              55  0.583122  0.083635  0.094689  0.238554      1.000000      0.822953      0.865385      0.000000
5      Cooperative_3      2.442838            0.668811  37.0             1.0              43  0.564514  0.104297  0.104527  0.226662      0.999187      0.000000      0.999380      0.000000
6      Cooperative_7      2.442838            0.668811  37.0             1.0              47  0.564514  0.104297  0.104527  0.226662      0.999187      0.000000      0.999380      0.000000
7         Neutral_21      2.442838            0.668811  37.0             1.0              63  0.564514  0.104297  0.104527  0.226662      0.999187      0.000000      0.999380      0.000000
8       Aggressive_7      2.441703            0.669405   0.0             1.0              22  0.565000  0.104405  0.104027  0.226568      1.000000      0.000000      1.000000      0.000000
9      Cooperative_1      2.441703            0.669405   0.0             1.0              25  0.565000  0.104405  0.104027  0.226568      1.000000      0.000000      1.000000      0.000000
10     Cooperative_2      2.441703            0.669405   0.0             1.0              36  0.565000  0.104405  0.104027  0.226568      1.000000      0.000000      1.000000      0.000000
11    Cooperative_25      2.441703            0.669405   0.0             1.0              42  0.565000  0.104405  0.104027  0.226568      1.000000      0.000000      1.000000      0.000000
12     Cooperative_9      2.441703            0.669405   0.0             1.0              49  0.565000  0.104405  0.104027  0.226568      1.000000      0.000000      1.000000      0.000000
13        Neutral_10      2.441703            0.669405   0.0             1.0              51  0.565000  0.104405  0.104027  0.226568      1.000000      0.000000      1.000000      0.000000
14         Neutral_2      2.441703            0.669405   0.0             1.0              61  0.565000  0.104405  0.104027  0.226568      1.000000      0.000000      1.000000      0.000000
15        Neutral_25      2.441703            0.669405   0.0             1.0              67  0.565000  0.104405  0.104027  0.226568      1.000000      0.000000      1.000000      0.000000
16         Neutral_8      2.441703            0.669405   0.0             1.0              73  0.565000  0.104405  0.104027  0.226568      1.000000      0.000000      1.000000      0.000000
17     Cooperative_5      2.438770            0.663014  52.0             1.0              45  0.559676  0.103338  0.105689  0.231297      0.999011      0.000000      0.946041      0.000000
18        Neutral_22      2.433203            0.723486   2.0             1.0              64  0.679095  0.044392  0.029851  0.246662      1.000000      0.639919      0.833446      0.000000
19    Cooperative_10      2.423892            0.771865   0.0             1.0              26  0.698243  0.073622  0.025257  0.202878      1.000000      0.661987      1.000000      0.000000
20    Cooperative_22      2.423892            0.771865   0.0             1.0              39  0.698243  0.073622  0.025257  0.202878      1.000000      0.661987      1.000000      0.000000
21        Neutral_17      2.423892            0.771865   0.0             1.0              58  0.698243  0.073622  0.025257  0.202878      1.000000      0.661987      1.000000      0.000000
22        Neutral_20      2.423892            0.771865   0.0             1.0              62  0.698243  0.073622  0.025257  0.202878      1.000000      0.661987      1.000000      0.000000
23        Neutral_12      2.414946            0.679541   0.0             1.0              53  0.620486  0.059054  0.058257  0.262203      0.972958      0.565205      0.791667      0.663426
24    Cooperative_11      2.411986            0.789946   0.0             1.0              27  0.715095  0.074851  0.014162  0.195892      1.000000      0.791674      1.000000      0.000000
25    Cooperative_23      2.398541            0.703757   0.0             1.0              40  0.584568  0.119189  0.087149  0.209095      1.000000      0.263904      1.000000      0.128543
26    Cooperative_18      2.380041            0.582568  14.0             1.0              34  0.576095  0.006473  0.058581  0.358851      1.000000      0.000000      0.466065      0.000000
27     Cooperative_6      2.375135            0.718419  49.0             1.0              46  0.572230  0.146189  0.094216  0.187365      0.999023      0.000000      0.907649      0.328447
28        Neutral_19      2.366365            0.595324  14.0             1.0              60  0.575878  0.019446  0.058514  0.346162      1.000000      0.000000      0.438379      0.000000
29    Cooperative_19      2.362378            0.808554   0.0             1.0              35  0.679446  0.129108  0.033149  0.158297      1.000000      0.331383      1.000000      0.499845
30     Cooperative_4      2.358824            0.736581   0.0             1.0              44  0.562757  0.173824  0.101784  0.161635      1.000000      0.000000      1.000000      0.491622
31      Aggressive_4      2.334203            0.606149   7.0             1.0              19  0.577108  0.029041  0.052257  0.341595      1.000000      0.000000      0.735824      0.000000
32    Cooperative_16      2.279054            0.790108   0.0             1.0              32  0.580081  0.210027  0.082230  0.127662      1.000000      0.000000      1.000000      1.000000
33    Cooperative_12      2.279054            0.790108   0.0             1.0              28  0.580081  0.210027  0.082230  0.127662      1.000000      0.000000      1.000000      1.000000
34    Cooperative_14      2.226365            0.771514   0.0             1.0              30  0.595581  0.175932  0.052784  0.175703      1.000000      0.000000      0.000000      1.000000
35     Cooperative_8      2.226365            0.771514   0.0             1.0              48  0.595581  0.175932  0.052784  0.175703      1.000000      0.000000      0.000000      1.000000
36        Neutral_13      2.226365            0.771514   0.0             1.0              54  0.595581  0.175932  0.052784  0.175703      1.000000      0.000000      0.000000      1.000000
37         Neutral_9      2.226365            0.771514   0.0             1.0              74  0.595581  0.175932  0.052784  0.175703      1.000000      0.000000      0.000000      1.000000
38      Aggressive_8      2.191932            0.944135  17.0             0.0              23  0.638797  0.305338  0.054919  0.000946      1.000000      1.000000      0.000000      1.000000
39         Neutral_7      2.179730            0.313284  23.0             0.0              72  0.079797  0.233486  0.313405  0.373311      0.000000      0.000000      1.000000      0.000000
40        Neutral_24      2.134257            0.398703  37.0             1.0              66  0.164068  0.234635  0.260189  0.341108      0.871046      0.000000      0.971562      0.000000
41     Aggressive_15      2.109635            0.500000  14.0             0.0               6  0.116743  0.383257  0.314851  0.185149      0.000000      0.000000      1.000000      1.000000
42        Neutral_11      2.101338            0.500000  27.0             1.0              52  0.126500  0.373500  0.305459  0.194541      0.000000      0.000000      1.000000      1.000000
43    Cooperative_20      2.084311            1.000000   0.0             1.0              37  0.694770  0.305230  0.000000  0.000000      1.000000      1.000000      0.000000      0.000000
44    Cooperative_21      2.084311            1.000000   0.0             1.0              38  0.694770  0.305230  0.000000  0.000000      1.000000      1.000000      0.000000      0.000000
45    Cooperative_13      2.084311            1.000000   0.0             1.0              29  0.694770  0.305230  0.000000  0.000000      1.000000      1.000000      0.000000      0.000000
46         Neutral_3      2.083662            0.397838  44.0             1.0              68  0.086284  0.311554  0.305662  0.296500      0.912124      0.000000      0.856794      0.246602
47     Aggressive_10      2.046649            0.412149  21.0             0.0               1  0.190932  0.221216  0.221500  0.366351      1.000000      0.000000      1.000000      0.000000
48     Aggressive_13      2.046649            0.412149  21.0             0.0               4  0.190932  0.221216  0.221500  0.366351      1.000000      0.000000      1.000000      0.000000
49      Aggressive_3      2.046649            0.412149  21.0             0.0              18  0.190932  0.221216  0.221500  0.366351      1.000000      0.000000      1.000000      0.000000
50        Neutral_16      2.046649            0.412149  21.0             0.0              57  0.190932  0.221216  0.221500  0.366351      1.000000      0.000000      1.000000      0.000000
51         Neutral_4      2.031986            0.529662  19.0             0.0              69  0.188730  0.340932  0.248865  0.221473      1.000000      0.000000      1.000000      0.479154
52         Neutral_5      2.031419            0.796784  15.0             0.0              70  0.368932  0.427851  0.180351  0.022865      1.000000      0.809873      1.000000      0.743231
53         Neutral_6      2.024986            0.523081  16.0             0.0              71  0.175284  0.347797  0.255554  0.221365      1.000000      0.000000      1.000000      0.576803
54        Neutral_18      1.995608            0.500000  36.0             1.0              59  0.284122  0.215878  0.160811  0.339189      0.789106      0.909637      0.253651      0.250817
55     Aggressive_18      1.984581            0.333000  38.0             0.0               9  0.068149  0.264851  0.278284  0.388716      0.000000      0.000000      0.536820      0.784649
56     Aggressive_11      1.960054            0.357595  36.0             0.0               2  0.059865  0.297730  0.284514  0.357892      0.000000      0.000000      0.000000      1.000000
57      Aggressive_2      1.960054            0.357595  36.0             0.0              11  0.059865  0.297730  0.284514  0.357892      0.000000      0.000000      0.000000      1.000000
58     Aggressive_24      1.931203            0.376257  45.0             0.0              16  0.080486  0.295770  0.266500  0.357243      0.000000      1.000000      0.000000      0.330262
59     Aggressive_12      1.904905            0.199000  47.0             0.0               3  0.036689  0.162311  0.248459  0.552541      0.000000      0.000000      0.319742      0.305549
60        Neutral_15      1.840284            0.596081  21.0             1.0              56  0.180014  0.416068  0.224081  0.179838      0.000000      1.000000      0.000000      1.000000
61     Aggressive_23      1.811459            0.001000  51.0             0.0              15  0.000243  0.000757  0.202932  0.796068      0.000000      0.000000      0.352591      0.065882
62     Aggressive_14      1.811405            0.001000  56.0             1.0               5  0.000622  0.000378  0.202635  0.796365      0.000000      0.000000      0.000000      0.000000
63      Aggressive_1      1.811027            0.000000  58.0             0.0               0  0.000000  0.000000  0.202757  0.797243      0.000000      0.000000      0.000000      0.000000
64     Aggressive_16      1.811027            0.000000  58.0             0.0               7  0.000000  0.000000  0.202757  0.797243      0.000000      0.000000      0.000000      0.000000
65     Aggressive_17      1.811027            0.000000  58.0             0.0               8  0.000000  0.000000  0.202757  0.797243      0.000000      0.000000      0.000000      0.000000
66     Aggressive_19      1.811027            0.000000  58.0             0.0              10  0.000000  0.000000  0.202757  0.797243      0.000000      0.000000      0.000000      0.000000
67     Aggressive_20      1.811027            0.000000  58.0             0.0              12  0.000000  0.000000  0.202757  0.797243      0.000000      0.000000      0.000000      0.000000
68     Aggressive_22      1.811027            0.000000  58.0             0.0              14  0.000000  0.000000  0.202757  0.797243      0.000000      0.000000      0.000000      0.000000
69     Aggressive_25      1.811027            0.000000  58.0             0.0              17  0.000000  0.000000  0.202757  0.797243      0.000000      0.000000      0.000000      0.000000
70      Aggressive_5      1.811027            0.000000  58.0             0.0              20  0.000000  0.000000  0.202757  0.797243      0.000000      0.000000      0.000000      0.000000
71      Aggressive_6      1.811027            0.000000  58.0             0.0              21  0.000000  0.000000  0.202757  0.797243      0.000000      0.000000      0.000000      0.000000
72      Aggressive_9      1.811027            0.000000  58.0             0.0              24  0.000000  0.000000  0.202757  0.797243      0.000000      0.000000      0.000000      0.000000
73         Neutral_1      1.811027            0.000000  58.0             0.0              50  0.000000  0.000000  0.202757  0.797243      0.000000      0.000000      0.000000      0.000000
74     Aggressive_21      1.779838            0.127054  58.0             0.0              13  0.103054  0.024000  0.149432  0.723514      1.000000      0.000000      0.489583      0.000000