Normalised cooperation:
column       Aggressive  Cooperative  Neutral
index                                        
Aggressive     0.412707      0.62900  0.62900
Cooperative    0.629560      0.99900  0.99900
Neutral        0.629578      0.99904  0.99904

Payoffs:
column       Aggressive  Cooperative   Neutral
index                                         
Aggressive     1.991752      2.40020  2.400270
Cooperative    2.397400      2.99800  2.998160
Neutral        2.397382      2.99796  2.998118

Results Summary:
                Name  Median_score  Cooperation_rating  Wins  Initial_C_rate  Original_index   CC_rate   CD_rate   DC_rate   DD_rate  CC_to_C_rate  CD_to_C_rate  DC_to_C_rate  DD_to_C_rate
Rank                                                                                                                                                                                        
0       Aggressive_6      2.840108            0.819878  66.0             1.0              21  0.819581  0.000297  0.050311  0.129811      0.999127      0.000000      0.476334      0.000000
1      Aggressive_23      2.832486            0.939068   1.0             1.0              15  0.879041  0.060027  0.033608  0.027324      0.999114      0.000000      0.999396      0.955556
2       Aggressive_3      2.816351            0.894270  65.0             1.0              18  0.829703  0.064568  0.055378  0.050351      0.999107      0.000000      0.873667      0.290069
3       Aggressive_4      2.796635            0.873432  55.0             1.0              19  0.825986  0.047446  0.048027  0.078541      0.999204      0.000000      0.891070      0.000000
4      Cooperative_1      2.795149            0.874189   1.0             1.0              25  0.826716  0.047473  0.047297  0.078514      0.999161      0.000000      0.998925      0.000000
5     Cooperative_10      2.795149            0.874189   1.0             1.0              26  0.826716  0.047473  0.047297  0.078514      0.999161      0.000000      0.998925      0.000000
6     Cooperative_11      2.795149            0.874189   1.0             1.0              27  0.826716  0.047473  0.047297  0.078514      0.999161      0.000000      0.998925      0.000000
7     Cooperative_12      2.795149            0.874189   1.0             1.0              28  0.826716  0.047473  0.047297  0.078514      0.999161      0.000000      0.998925      0.000000
8     Cooperative_13      2.795149            0.874189   1.0             1.0              29  0.826716  0.047473  0.047297  0.078514      0.999161      0.000000      0.998925      0.000000
9     Cooperative_14      2.795149            0.874189   1.0             1.0              30  0.826716  0.047473  0.047297  0.078514      0.999161      0.000000      0.998925      0.000000
10    Cooperative_15      2.795149            0.874189   1.0             1.0              31  0.826716  0.047473  0.047297  0.078514      0.999161      0.000000      0.998925      0.000000
11    Cooperative_16      2.795149            0.874189   1.0             1.0              32  0.826716  0.047473  0.047297  0.078514      0.999161      0.000000      0.998925      0.000000
12    Cooperative_17      2.795149            0.874189   1.0             1.0              33  0.826716  0.047473  0.047297  0.078514      0.999161      0.000000      0.998925      0.000000
13    Cooperative_18      2.795149            0.874189   1.0             1.0              34  0.826716  0.047473  0.047297  0.078514      0.999161      0.000000      0.998925      0.000000
14    Cooperative_19      2.795149            0.874189   1.0             1.0              35  0.826716  0.047473  0.047297  0.078514      0.999161      0.000000      0.998925      0.000000
15     Cooperative_2      2.795149            0.874189   1.0             1.0              36  0.826716  0.047473  0.047297  0.078514      0.999161      0.000000      0.998925      0.000000
16    Cooperative_20      2.795149            0.874189   1.0             1.0              37  0.826716  0.047473  0.047297  0.078514      0.999161      0.000000      0.998925      0.000000
17    Cooperative_21      2.795149            0.874189   1.0             1.0              38  0.826716  0.047473  0.047297  0.078514      0.999161      0.000000      0.998925      0.000000
18    Cooperative_22      2.795149            0.874189   1.0             1.0              39  0.826716  0.047473  0.047297  0.078514      0.999161      0.000000      0.998925      0.000000
19    Cooperative_23      2.795149            0.874189   1.0             1.0              40  0.826716  0.047473  0.047297  0.078514      0.999161      0.000000      0.998925      0.000000
20    Cooperative_24      2.795149            0.874189   1.0             1.0              41  0.826716  0.047473  0.047297  0.078514      0.999161      0.000000      0.998925      0.000000
21    Cooperative_25      2.795149            0.874189   1.0             1.0              42  0.826716  0.047473  0.047297  0.078514      0.999161      0.000000      0.998925      0.000000
22     Cooperative_3      2.795149            0.874189   1.0             1.0              43  0.826716  0.047473  0.047297  0.078514      0.999161      0.000000      0.998925      0.000000
23     Cooperative_4      2.795149            0.874189   1.0             1.0              44  0.826716  0.047473  0.047297  0.078514      0.999161      0.000000      0.998925      0.000000
24     Cooperative_5      2.795149            0.874189   1.0             1.0              45  0.826716  0.047473  0.047297  0.078514      0.999161      0.000000      0.998925      0.000000
25     Cooperative_6      2.795149            0.874189   1.0             1.0              46  0.826716  0.047473  0.047297  0.078514      0.999161      0.000000      0.998925      0.000000
26     Cooperative_7      2.795149            0.874189   1.0             1.0              47  0.826716  0.047473  0.047297  0.078514      0.999161      0.000000      0.998925      0.000000
27     Cooperative_8      2.795149            0.874189   1.0             1.0              48  0.826716  0.047473  0.047297  0.078514      0.999161      0.000000      0.998925      0.000000
28     Cooperative_9      2.795149            0.874189   1.0             1.0              49  0.826716  0.047473  0.047297  0.078514      0.999161      0.000000      0.998925      0.000000
29         Neutral_1      2.795149            0.874189   1.0             1.0              50  0.826716  0.047473  0.047297  0.078514      0.999161      0.000000      0.998925      0.000000
30        Neutral_10      2.795149            0.874189   1.0             1.0              51  0.826716  0.047473  0.047297  0.078514      0.999161      0.000000      0.998925      0.000000
31        Neutral_11      2.795149            0.874189   1.0             1.0              52  0.826716  0.047473  0.047297  0.078514      0.999161      0.000000      0.998925      0.000000
32        Neutral_12      2.795149            0.874189   1.0             1.0              53  0.826716  0.047473  0.047297  0.078514      0.999161      0.000000      0.998925      0.000000
33        Neutral_13      2.795149            0.874189   1.0             1.0              54  0.826716  0.047473  0.047297  0.078514      0.999161      0.000000      0.998925      0.000000
34        Neutral_14      2.795149            0.874189   1.0             1.0              55  0.826716  0.047473  0.047297  0.078514      0.999161      0.000000      0.998925      0.000000
35        Neutral_15      2.795149            0.874189   1.0             1.0              56  0.826716  0.047473  0.047297  0.078514      0.999161      0.000000      0.998925      0.000000
36        Neutral_16      2.795149            0.874189   1.0             1.0              57  0.826716  0.047473  0.047297  0.078514      0.999161      0.000000      0.998925      0.000000
37        Neutral_17      2.795149            0.874189   1.0             1.0              58  0.826716  0.047473  0.047297  0.078514      0.999161      0.000000      0.998925      0.000000
38        Neutral_18      2.795149            0.874189   1.0             1.0              59  0.826716  0.047473  0.047297  0.078514      0.999161      0.000000      0.998925      0.000000
39        Neutral_19      2.795149            0.874189   1.0             1.0              60  0.826716  0.047473  0.047297  0.078514      0.999161      0.000000      0.998925      0.000000
40         Neutral_2      2.795149            0.874189   1.0             1.0              61  0.826716  0.047473  0.047297  0.078514      0.999161      0.000000      0.998925      0.000000
41        Neutral_21      2.795149            0.874189   1.0             1.0              63  0.826716  0.047473  0.047297  0.078514      0.999161      0.000000      0.998925      0.000000
42        Neutral_22      2.795149            0.874189   1.0             1.0              64  0.826716  0.047473  0.047297  0.078514      0.999161      0.000000      0.998925      0.000000
43        Neutral_23      2.795149            0.874189   1.0             1.0              65  0.826716  0.047473  0.047297  0.078514      0.999161      0.000000      0.998925      0.000000
44        Neutral_24      2.795149            0.874189   1.0             1.0              66  0.826716  0.047473  0.047297  0.078514      0.999161      0.000000      0.998925      0.000000
45        Neutral_25      2.795149            0.874189   1.0             1.0              67  0.826716  0.047473  0.047297  0.078514      0.999161      0.000000      0.998925      0.000000
46         Neutral_3      2.795149            0.874189   1.0             1.0              68  0.826716  0.047473  0.047297  0.078514      0.999161      0.000000      0.998925      0.000000
47         Neutral_4      2.795149            0.874189   1.0             1.0              69  0.826716  0.047473  0.047297  0.078514      0.999161      0.000000      0.998925      0.000000
48         Neutral_5      2.795149            0.874189   1.0             1.0              70  0.826716  0.047473  0.047297  0.078514      0.999161      0.000000      0.998925      0.000000
49         Neutral_6      2.795149            0.874189   1.0             1.0              71  0.826716  0.047473  0.047297  0.078514      0.999161      0.000000      0.998925      0.000000
50         Neutral_7      2.795149            0.874189   1.0             1.0              72  0.826716  0.047473  0.047297  0.078514      0.999161      0.000000      0.998925      0.000000
51         Neutral_8      2.795149            0.874189   1.0             1.0              73  0.826716  0.047473  0.047297  0.078514      0.999161      0.000000      0.998925      0.000000
52         Neutral_9      2.795149            0.874189   1.0             1.0              74  0.826716  0.047473  0.047297  0.078514      0.999161      0.000000      0.998925      0.000000
53        Neutral_20      2.794284            0.875000   0.0             1.0              62  0.826716  0.048284  0.047284  0.077716      1.000000      0.000000      1.000000      0.000000
54     Aggressive_12      2.739054            0.778378  63.0             1.0               3  0.770892  0.007486  0.051189  0.170432      0.999154      0.000000      0.398952      0.000000
55     Aggressive_18      2.739054            0.778378  63.0             1.0               9  0.770892  0.007486  0.051189  0.170432      0.999154      0.000000      0.398952      0.000000
56     Aggressive_21      2.737108            0.768473  63.0             1.0              13  0.768203  0.000270  0.050243  0.181284      0.999140      0.000000      0.000000      0.000000
57     Aggressive_14      2.736270            0.776892  66.0             1.0               5  0.769432  0.007459  0.051216  0.171892      0.999136      0.000000      0.398951      0.000000
58     Aggressive_16      2.676743            0.770297   7.0             0.0               7  0.741230  0.029068  0.055838  0.173865      0.947762      0.853687      0.999969      0.051403
59      Aggressive_8      2.676743            0.770297   7.0             0.0              23  0.741230  0.029068  0.055838  0.173865      0.947762      0.853687      0.999969      0.051403
60     Aggressive_19      2.673676            0.877378   1.0             0.0              10  0.804676  0.072703  0.034257  0.088365      0.999187      0.879581      1.000000      0.214354
61     Aggressive_13      2.657284            0.810392  62.0             0.0               4  0.778162  0.032230  0.033297  0.156311      0.999137      0.876416      0.596815      0.053804
62     Aggressive_25      2.307405            0.475703   7.0             1.0              17  0.019378  0.456324  0.431243  0.093054      0.671440      0.000000      0.987883      0.493644
63     Aggressive_15      2.305419            0.434919   7.0             1.0               6  0.023122  0.411797  0.417743  0.147338      0.892713      0.000000      0.984302      0.000000
64      Aggressive_9      2.301405            0.512730   8.0             1.0              24  0.049865  0.462865  0.416135  0.071135      0.762612      0.000000      0.987292      0.995434
65      Aggressive_2      2.244743            0.414905  60.0             0.0              11  0.003486  0.411419  0.412297  0.172797      0.599200      0.000000      0.971486      0.000000
66      Aggressive_7      2.057108            0.542919   6.0             0.0              22  0.227432  0.315486  0.229432  0.227649      0.314374      0.999546      0.027360      1.000000
67     Aggressive_22      1.965865            0.343581  10.0             0.0              14  0.020770  0.322811  0.311784  0.344635      0.000000      0.000000      0.000000      0.999813
68      Aggressive_1      1.859689            0.412716   2.0             0.0               0  0.082676  0.330041  0.256095  0.331189      0.999125      0.000000      0.000000      0.999800
69      Aggressive_5      1.859689            0.412716   2.0             0.0              20  0.082676  0.330041  0.256095  0.331189      0.999125      0.000000      0.000000      0.999800
70     Aggressive_11      1.818000            0.234162  65.0             0.0               2  0.006703  0.227459  0.258014  0.507824      0.000000      0.000000      0.000000      0.495382
71     Aggressive_20      1.281405            0.112054  63.0             1.0              12  0.058000  0.054054  0.054865  0.833081      0.998598      0.000000      0.998730      0.000000
72     Aggressive_24      1.263568            0.018230  69.0             1.0              16  0.010797  0.007432  0.062351  0.919419      0.909375      0.000000      0.398952      0.000000
73     Aggressive_17      1.243230            0.068486  61.0             0.0               8  0.040824  0.027662  0.047311  0.884203      0.912484      0.499666      0.000000      0.107236
74     Aggressive_10      1.178054            0.059541  71.0             1.0               1  0.005973  0.053568  0.054919  0.885541      0.666667      0.000000      0.847018      0.000000