Normalised cooperation:
column       Aggressive  Cooperative   Neutral
index                                         
Aggressive     0.161439     0.152841  0.153092
Cooperative    0.223005     0.500972  0.501783
Neutral        0.223098     0.501810  0.501844

Payoffs:
column       Aggressive  Cooperative   Neutral
index                                         
Aggressive     1.457777     1.698762  1.698662
Cooperative    1.347942     2.251538  2.252891
Neutral        1.348631     2.252756  2.253088

Results Summary:
                Name  Median_score  Cooperation_rating  Wins  Initial_C_rate  Original_index   CC_rate   CD_rate   DC_rate   DD_rate  CC_to_C_rate  CD_to_C_rate  DC_to_C_rate  DD_to_C_rate
Rank                                                                                                                                                                                        
0      Cooperative_2      1.950601            0.408486  24.5        0.896622              36  0.181288  0.227199  0.203592  0.387922      0.900243      0.100302      0.900554      0.100022
1     Cooperative_24      1.949547            0.407710  25.0        0.896622              41  0.181320  0.226391  0.203147  0.389143      0.898408      0.099659      0.899608      0.099416
2         Neutral_11      1.948885            0.408368  24.0        0.909459              52  0.181442  0.226926  0.203178  0.388453      0.900170      0.101489      0.900209      0.100269
3         Neutral_14      1.948716            0.409351  23.0        0.894595              55  0.182539  0.226812  0.202870  0.387780      0.901654      0.100340      0.900288      0.100914
4     Cooperative_12      1.948514            0.408029  24.0        0.891216              28  0.181391  0.226638  0.203176  0.388795      0.901017      0.099186      0.899612      0.100302
5         Neutral_22      1.948486            0.407289  24.5        0.914189              64  0.180397  0.226892  0.203259  0.389453      0.899419      0.100305      0.899330      0.099961
6         Neutral_17      1.948480            0.407712  24.0        0.900676              58  0.180834  0.226878  0.203495  0.388793      0.900491      0.099625      0.899747      0.099616
7          Neutral_7      1.948453            0.407422  24.5        0.903378              72  0.180136  0.227285  0.203410  0.389168      0.901479      0.100018      0.899588      0.100703
8     Cooperative_10      1.948318            0.407547  25.0        0.895270              26  0.180609  0.226939  0.203475  0.388978      0.901396      0.098996      0.900943      0.100141
9          Neutral_5      1.948155            0.408257  23.0        0.891892              70  0.181146  0.227111  0.203274  0.388469      0.900937      0.100597      0.899937      0.099949
10         Neutral_3      1.948088            0.407766  24.0        0.895946              68  0.181459  0.226307  0.202571  0.389664      0.899661      0.100350      0.900306      0.099937
11    Cooperative_16      1.947993            0.407018  23.0        0.889865              32  0.179726  0.227293  0.203665  0.389317      0.900971      0.099360      0.899926      0.100199
12    Cooperative_23      1.947838            0.407675  23.5        0.897973              40  0.180811  0.226864  0.203332  0.388993      0.900728      0.099723      0.899342      0.100411
13    Cooperative_15      1.947797            0.407733  22.0        0.889865              31  0.180919  0.226814  0.202864  0.389403      0.898387      0.100313      0.900351      0.100224
14        Neutral_23      1.947797            0.407974  24.0        0.904054              65  0.182093  0.225880  0.202322  0.389705      0.901419      0.100509      0.899935      0.099740
15    Cooperative_13      1.947784            0.407798  24.5        0.896622              29  0.181224  0.226574  0.202729  0.389473      0.900644      0.100898      0.899900      0.099896
16     Cooperative_6      1.947730            0.407438  23.0        0.908108              46  0.180313  0.227125  0.203402  0.389160      0.899718      0.100195      0.899341      0.099762
17     Cooperative_1      1.947703            0.407748  23.0        0.890541              25  0.181849  0.225899  0.202042  0.390210      0.899742      0.100771      0.900536      0.099541
18         Neutral_6      1.947649            0.406583  24.0        0.889865              71  0.180114  0.226470  0.203318  0.390099      0.900391      0.098716      0.899378      0.099336
19        Neutral_13      1.947642            0.407413  23.5        0.896622              54  0.181021  0.226392  0.202974  0.389613      0.899492      0.100134      0.899030      0.099374
20         Neutral_1      1.947561            0.408275  25.0        0.890541              50  0.181589  0.226686  0.202764  0.388961      0.901109      0.100397      0.901392      0.099822
21        Neutral_18      1.947466            0.408099  22.0        0.912162              59  0.181272  0.226826  0.202698  0.389203      0.899803      0.100453      0.899990      0.100858
22        Neutral_24      1.947358            0.407905  24.0        0.904054              66  0.181090  0.226815  0.203167  0.388928      0.900106      0.100317      0.899874      0.100000
23    Cooperative_19      1.947304            0.407551  26.0        0.895270              35  0.180949  0.226602  0.203032  0.389417      0.900085      0.100381      0.900222      0.099539
24        Neutral_19      1.947270            0.407718  22.0        0.893919              60  0.180493  0.227224  0.203294  0.388989      0.900408      0.099545      0.899328      0.101235
25    Cooperative_17      1.947128            0.407023  23.0        0.901351              33  0.180234  0.226789  0.203105  0.389872      0.902210      0.100135      0.900231      0.099519
26     Cooperative_3      1.947027            0.407462  24.0        0.900676              43  0.180325  0.227137  0.203230  0.389307      0.898658      0.100375      0.901160      0.099885
27     Cooperative_9      1.946932            0.405632  25.5        0.883784              49  0.178419  0.227214  0.203764  0.390603      0.899888      0.098872      0.899870      0.099209
28         Neutral_4      1.946872            0.407606  24.0        0.899324              69  0.180796  0.226810  0.203130  0.389264      0.900832      0.099975      0.898984      0.099939
29         Neutral_2      1.946730            0.408313  24.0        0.885811              61  0.181701  0.226612  0.203007  0.388680      0.900084      0.099819      0.900005      0.099781
30    Cooperative_18      1.946615            0.408148  24.0        0.904730              34  0.181191  0.226957  0.203124  0.388728      0.901796      0.099834      0.900438      0.100339
31        Neutral_20      1.946595            0.406762  25.0        0.906757              62  0.180379  0.226383  0.202866  0.390372      0.899211      0.099425      0.900597      0.099112
32        Neutral_21      1.946534            0.407164  24.0        0.894595              63  0.180918  0.226246  0.202932  0.389904      0.897741      0.099424      0.899223      0.099684
33    Cooperative_22      1.946507            0.406993  24.0        0.893243              39  0.180161  0.226832  0.203022  0.389985      0.900818      0.099991      0.899571      0.100326
34     Cooperative_4      1.946297            0.407000  23.0        0.908108              44  0.179566  0.227434  0.203609  0.389391      0.900574      0.099944      0.898504      0.100041
35         Neutral_9      1.946189            0.407209  25.0        0.883784              74  0.180906  0.226303  0.202878  0.389914      0.896852      0.099848      0.900284      0.099707
36     Cooperative_8      1.945973            0.407236  23.5        0.891216              48  0.180678  0.226559  0.202928  0.389836      0.899383      0.100209      0.899444      0.099787
37        Neutral_15      1.945892            0.407605  25.0        0.908108              56  0.181526  0.226078  0.202618  0.389778      0.898724      0.099344      0.899770      0.100134
38    Cooperative_14      1.945858            0.408075  24.0        0.908108              30  0.181076  0.226999  0.203136  0.388789      0.902448      0.099758      0.900199      0.100155
39        Neutral_16      1.945804            0.407553  24.0        0.908108              57  0.180629  0.226924  0.203214  0.389232      0.898711      0.099727      0.899860      0.100095
40    Cooperative_20      1.945757            0.407385  25.0        0.906757              37  0.180178  0.227207  0.203428  0.389186      0.900079      0.099835      0.899790      0.100546
41        Neutral_25      1.945730            0.407386  22.0        0.900000              67  0.180441  0.226945  0.203278  0.389336      0.899800      0.100549      0.899594      0.100086
42     Cooperative_5      1.945493            0.407066  23.0        0.900000              45  0.181018  0.226047  0.202156  0.390778      0.899792      0.099665      0.900655      0.099999
43     Aggressive_23      1.945432            0.405851  25.0        0.116216              15  0.178679  0.227172  0.204183  0.389966      0.900359      0.099809      0.899660      0.099613
44    Cooperative_21      1.945311            0.407641  24.0        0.894595              38  0.180601  0.227039  0.203219  0.389141      0.900249      0.100149      0.900673      0.100354
45         Neutral_8      1.945304            0.407436  23.0        0.908108              73  0.180129  0.227307  0.203673  0.388891      0.898133      0.100648      0.900375      0.099734
46     Cooperative_7      1.945054            0.406966  25.0        0.899324              47  0.181139  0.225826  0.202437  0.390597      0.899612      0.099757      0.899550      0.099477
47        Neutral_12      1.944682            0.407473  25.0        0.898649              53  0.179872  0.227601  0.203755  0.388772      0.898274      0.099764      0.900640      0.100253
48    Cooperative_11      1.944547            0.406829  23.5        0.906081              27  0.179705  0.227124  0.203164  0.390007      0.900607      0.099524      0.899151      0.100312
49        Neutral_10      1.944223            0.406968  24.0        0.908108              51  0.180355  0.226613  0.202886  0.390147      0.898877      0.100369      0.900250      0.099648
50    Cooperative_25      1.943899            0.405282  24.5        0.895270              42  0.178422  0.226861  0.203214  0.391504      0.899167      0.099509      0.899442      0.099695
51     Aggressive_24      1.777284            0.392112  52.5        0.101351              16  0.066706  0.325406  0.242145  0.365743      0.099059      0.099751      0.100119      0.899618
52     Aggressive_25      1.776419            0.392245  52.0        0.079054              17  0.066651  0.325593  0.241893  0.365862      0.100288      0.099791      0.098759      0.900021
53     Aggressive_22      1.734196            0.593418  26.0        0.085135              14  0.203486  0.389932  0.179443  0.227139      0.099291      0.900563      0.101303      0.900947
54     Aggressive_16      1.593696            0.107228  62.0        0.098649               7  0.021520  0.085707  0.159266  0.733506      0.099975      0.140657      0.099061      0.105723
55     Aggressive_18      1.586507            0.099778  64.0        0.087162               9  0.017687  0.082091  0.158159  0.742064      0.101734      0.100510      0.100114      0.099772
56      Aggressive_1      1.586405            0.100281  64.5        0.110135               0  0.017694  0.082587  0.158189  0.741530      0.104395      0.101220      0.100388      0.099987
57      Aggressive_2      1.586291            0.101042  63.0        0.089189              11  0.018039  0.083003  0.158041  0.740918      0.123246      0.100210      0.102369      0.100301
58     Aggressive_19      1.586223            0.099913  65.0        0.109459              10  0.017436  0.082477  0.158171  0.741916      0.099092      0.097763      0.100529      0.099966
59     Aggressive_17      1.586034            0.100125  64.0        0.091892               8  0.017545  0.082580  0.158259  0.741616      0.099364      0.100178      0.100491      0.099990
60      Aggressive_4      1.585703            0.100126  64.0        0.104730              19  0.017547  0.082579  0.158112  0.741761      0.098811      0.099971      0.099505      0.100292
61      Aggressive_7      1.585419            0.100185  64.0        0.100000              22  0.017627  0.082558  0.158069  0.741746      0.100237      0.100776      0.099952      0.100178
62     Aggressive_15      1.585399            0.100196  63.0        0.103378               6  0.017541  0.082655  0.158229  0.741575      0.096631      0.098295      0.100628      0.100526
63     Aggressive_13      1.585264            0.100411  63.0        0.105405               4  0.017641  0.082770  0.158238  0.741351      0.100159      0.100064      0.100838      0.100331
64      Aggressive_5      1.585216            0.100326  63.0        0.105405              20  0.017552  0.082774  0.158164  0.741509      0.099780      0.100170      0.100805      0.100310
65     Aggressive_14      1.585142            0.101219  63.0        0.898649               5  0.018272  0.082947  0.158143  0.740639      0.101581      0.100846      0.100736      0.100275
66     Aggressive_12      1.584892            0.100157  63.5        0.096622               3  0.017566  0.082592  0.157807  0.742036      0.097959      0.100486      0.101396      0.100041
67      Aggressive_3      1.584770            0.099717  64.5        0.096622              18  0.017549  0.082168  0.157936  0.742347      0.098880      0.100499      0.099451      0.099763
68     Aggressive_11      1.584682            0.099933  65.0        0.101351               2  0.017548  0.082385  0.158253  0.741814      0.099072      0.098815      0.099733      0.100069
69     Aggressive_20      1.584568            0.099989  63.0        0.104054              12  0.017405  0.082584  0.158130  0.741881      0.100268      0.098250      0.100813      0.100088
70     Aggressive_21      1.584223            0.099518  64.0        0.104054              13  0.017535  0.081982  0.157739  0.742743      0.098104      0.100888      0.100600      0.099261
71     Aggressive_10      1.584115            0.100112  63.0        0.105405               1  0.017626  0.082486  0.157861  0.742027      0.096433      0.102908      0.100672      0.099893
72      Aggressive_9      1.584101            0.099727  64.5        0.097973              24  0.017616  0.082111  0.157741  0.742532      0.098484      0.099289      0.099959      0.099796
73      Aggressive_6      1.583838            0.099776  64.0        0.103378              21  0.017284  0.082492  0.157864  0.742359      0.099699      0.098186      0.099489      0.100040
74      Aggressive_8      1.582284            0.099495  64.0        0.097973              23  0.017429  0.082066  0.157533  0.742972      0.102201      0.099131      0.099342      0.099580