Normalised cooperation:
column       Aggressive  Cooperative   Neutral
index                                         
Aggressive     0.170517     0.143450  0.149643
Cooperative    0.313800     0.511267  0.459322
Neutral        0.262191     0.417530  0.377005

Payoffs:
column       Aggressive  Cooperative   Neutral
index                                         
Aggressive     1.484091     2.063289  1.856935
Cooperative    1.211538     2.248360  1.986771
Neutral        1.294193     2.195734  1.953655

Results Summary:
                Name  Median_score  Cooperation_rating  Wins  Initial_C_rate  Original_index   CC_rate   CD_rate   DC_rate   DD_rate  CC_to_C_rate  CD_to_C_rate  DC_to_C_rate  DD_to_C_rate
Rank                                                                                                                                                                                        
0     Cooperative_24      1.856784            0.383570  20.0        0.916892              41  0.174680  0.208891  0.178768  0.437661      0.897960      0.100375      0.899690      0.100551
1          Neutral_4      1.856257            0.383584  19.5        0.906757              69  0.174148  0.209436  0.179232  0.437183      0.899811      0.099633      0.900454      0.100782
2         Neutral_25      1.855905            0.381868  20.0        0.100676              67  0.172404  0.209464  0.179891  0.438242      0.900197      0.100212      0.899892      0.100799
3     Cooperative_19      1.855142            0.383428  19.0        0.898649              35  0.173701  0.209726  0.179092  0.437480      0.897698      0.101416      0.899933      0.100145
4     Cooperative_18      1.854885            0.382637  19.5        0.896622              34  0.173616  0.209022  0.179266  0.438097      0.902598      0.099537      0.900150      0.099469
5     Cooperative_15      1.854696            0.382214  20.0        0.894595              31  0.173410  0.208803  0.178602  0.439184      0.900301      0.100203      0.900732      0.100321
6     Cooperative_14      1.854554            0.381486  20.0        0.100000              30  0.172546  0.208940  0.179373  0.439141      0.899866      0.100219      0.899982      0.100913
7         Neutral_14      1.854473            0.382389  20.0        0.887838              55  0.173084  0.209305  0.179598  0.438014      0.900320      0.099941      0.898890      0.100345
8          Neutral_1      1.854466            0.382111  18.5        0.885135              50  0.172470  0.209641  0.179705  0.438184      0.900458      0.100524      0.899245      0.100271
9     Cooperative_20      1.854419            0.382447  20.0        0.900676              37  0.173429  0.209018  0.179259  0.438295      0.900182      0.099975      0.900017      0.099852
10         Neutral_8      1.854358            0.383418  20.0        0.910135              73  0.175072  0.208347  0.178328  0.438254      0.899491      0.099763      0.899612      0.100339
11    Cooperative_10      1.854243            0.382724  20.5        0.902703              26  0.173557  0.209167  0.179045  0.438232      0.899030      0.100734      0.899701      0.099795
12        Neutral_12      1.854149            0.381651  21.0        0.916216              53  0.172570  0.209080  0.179453  0.438897      0.900626      0.099765      0.899419      0.100075
13    Cooperative_23      1.854122            0.381991  19.0        0.914865              40  0.172890  0.209101  0.179357  0.438653      0.900711      0.099974      0.899521      0.099631
14     Cooperative_1      1.854020            0.382483  19.5        0.900000              25  0.173379  0.209104  0.179089  0.438428      0.897781      0.100151      0.899059      0.100042
15        Neutral_15      1.854007            0.381354  20.5        0.106081              56  0.172193  0.209161  0.179685  0.438961      0.898943      0.100959      0.900263      0.100172
16     Cooperative_8      1.853811            0.381600  20.5        0.882432              48  0.172045  0.209555  0.179578  0.438822      0.900123      0.100296      0.899364      0.100404
17     Cooperative_4      1.853520            0.382718  19.0        0.897297              44  0.172653  0.210065  0.179430  0.437852      0.899586      0.100848      0.899926      0.101543
18        Neutral_17      1.853500            0.382145  20.5        0.902027              58  0.172847  0.209298  0.179277  0.438578      0.899162      0.099279      0.900862      0.099726
19        Neutral_23      1.853459            0.380307  22.0        0.093919              65  0.172001  0.208306  0.179835  0.439858      0.897775      0.099962      0.896496      0.100272
20         Neutral_9      1.853439            0.382252  20.0        0.885135              74  0.172715  0.209537  0.179523  0.438225      0.898771      0.100122      0.899772      0.099171
21    Cooperative_17      1.853372            0.380674  21.5        0.103378              33  0.171664  0.209009  0.179855  0.439471      0.897476      0.099334      0.898844      0.099285
22    Cooperative_11      1.853250            0.382407  21.0        0.902703              27  0.173198  0.209209  0.179086  0.438507      0.898015      0.100685      0.900456      0.099049
23     Cooperative_7      1.853223            0.382622  20.0        0.897297              47  0.173878  0.208744  0.178657  0.438721      0.899224      0.100770      0.899796      0.099834
24     Cooperative_2      1.853128            0.381788  21.0        0.900000              36  0.172906  0.208882  0.178999  0.439213      0.900277      0.100040      0.900535      0.100001
25    Cooperative_22      1.852851            0.381574  20.0        0.105405              39  0.172613  0.208961  0.179361  0.439066      0.902736      0.100813      0.900197      0.099852
26    Cooperative_16      1.852108            0.382014  18.5        0.893919              32  0.172469  0.209545  0.179407  0.438578      0.901004      0.099676      0.899368      0.100903
27        Neutral_16      1.851696            0.380840  20.0        0.902703              57  0.171890  0.208950  0.179151  0.440009      0.898112      0.099529      0.899343      0.098661
28        Neutral_19      1.851662            0.382236  19.0        0.904054              60  0.173193  0.209043  0.178841  0.438924      0.900518      0.100123      0.898622      0.100876
29     Cooperative_6      1.851108            0.381520  20.0        0.897297              46  0.171799  0.209721  0.179574  0.438907      0.898084      0.099853      0.900605      0.100265
30        Neutral_20      1.850000            0.382480  18.5        0.911486              62  0.173141  0.209340  0.178830  0.438689      0.900082      0.100928      0.899838      0.100465
31        Neutral_24      1.844209            0.388441  30.5        0.895270              66  0.127910  0.260530  0.212067  0.399493      0.776169      0.100220      0.899917      0.190980
32     Aggressive_23      1.837054            0.117579  46.0        0.116892              15  0.026223  0.091356  0.218699  0.663722      0.100086      0.100160      0.100326      0.123460
33    Cooperative_25      1.834838            0.335534  38.0        0.885135              42  0.117534  0.218000  0.204339  0.460126      0.775763      0.099515      0.900651      0.099901
34      Aggressive_5      1.830331            0.099795  61.0        0.098649              20  0.023749  0.076046  0.214618  0.685586      0.098997      0.099906      0.100324      0.099840
35     Aggressive_24      1.829014            0.100175  60.5        0.093919              16  0.023941  0.076234  0.213964  0.685861      0.103019      0.101137      0.100930      0.099944
36        Neutral_22      1.828358            0.100493  60.5        0.885811              64  0.024288  0.076205  0.213717  0.685791      0.098077      0.099488      0.099679      0.099817
37      Aggressive_2      1.828304            0.099475  62.5        0.094595              11  0.023837  0.075638  0.214205  0.686320      0.101976      0.098275      0.100013      0.099144
38      Aggressive_8      1.828297            0.100119  61.0        0.100000              23  0.023947  0.076172  0.214230  0.685651      0.100468      0.099306      0.098925      0.100375
39      Aggressive_7      1.828196            0.099705  61.0        0.098649              22  0.023635  0.076070  0.213924  0.686370      0.096436      0.099092      0.099802      0.099902
40     Aggressive_16      1.827953            0.100314  59.5        0.102027               7  0.023955  0.076358  0.213816  0.685870      0.100426      0.099909      0.099660      0.100136
41     Aggressive_19      1.827872            0.100162  60.5        0.100000              10  0.023841  0.076321  0.214359  0.685478      0.101222      0.100630      0.100323      0.099968
42      Aggressive_1      1.827601            0.099949  60.5        0.106757               0  0.023479  0.076470  0.214339  0.685711      0.099914      0.099829      0.099102      0.099945
43     Aggressive_18      1.827439            0.100938  61.0        0.883784               9  0.024374  0.076564  0.213718  0.685344      0.098350      0.099397      0.100328      0.099640
44         Neutral_7      1.827318            0.100651  59.5        0.892568              72  0.024279  0.076372  0.213893  0.685456      0.094100      0.101224      0.099954      0.099550
45        Neutral_18      1.827304            0.099700  62.0        0.107432              59  0.023721  0.075979  0.213536  0.686764      0.099555      0.099689      0.099274      0.099936
46     Aggressive_14      1.827115            0.100300  60.5        0.098649               5  0.023880  0.076420  0.214048  0.685652      0.097078      0.102348      0.100583      0.100184
47     Aggressive_13      1.827068            0.100007  61.0        0.099324               4  0.023767  0.076241  0.213743  0.686249      0.102547      0.100103      0.099639      0.100064
48         Neutral_5      1.827068            0.099647  61.0        0.099324              70  0.023651  0.075997  0.213975  0.686378      0.102384      0.100250      0.098944      0.099748
49      Aggressive_9      1.826905            0.100034  59.0        0.077703              24  0.024014  0.076021  0.213819  0.686147      0.101558      0.101293      0.101039      0.100172
50     Aggressive_11      1.826831            0.100109  58.5        0.102703               2  0.023869  0.076240  0.213530  0.686361      0.099139      0.098381      0.101403      0.100178
51     Aggressive_15      1.826534            0.100129  60.0        0.083784               6  0.023978  0.076151  0.213609  0.686262      0.105531      0.101648      0.101062      0.099910
52     Aggressive_22      1.826493            0.100413  60.0        0.904054              14  0.024229  0.076184  0.213468  0.686119      0.100698      0.099757      0.098956      0.099864
53      Aggressive_6      1.826128            0.099885  61.0        0.102703              21  0.023768  0.076117  0.213598  0.686517      0.098585      0.098538      0.099712      0.099765
54         Neutral_6      1.825838            0.101620  59.0        0.898649              71  0.024676  0.076944  0.213701  0.684679      0.119160      0.105089      0.099977      0.100052
55     Aggressive_25      1.825426            0.101853  58.0        0.893919              17  0.024616  0.077238  0.213442  0.684705      0.120017      0.106881      0.100246      0.100289
56     Aggressive_17      1.824892            0.100165  60.0        0.090541               8  0.023773  0.076392  0.213701  0.686134      0.100883      0.098766      0.099986      0.100566
57     Aggressive_12      1.824797            0.099991  60.0        0.111486               3  0.023756  0.076234  0.213585  0.686424      0.102193      0.097744      0.100119      0.100080
58     Aggressive_20      1.823595            0.101614  60.0        0.093243              12  0.025166  0.076448  0.212381  0.686005      0.111428      0.098691      0.099596      0.100528
59     Cooperative_3      1.812926            0.155372  54.0        0.104730              43  0.068493  0.086880  0.190555  0.654073      0.897843      0.100552      0.100001      0.100546
60         Neutral_2      1.811845            0.153297  54.5        0.102027              61  0.067369  0.085928  0.190945  0.655758      0.896720      0.099047      0.099515      0.099538
61     Aggressive_21      1.783331            0.113499  60.0        0.091892              13  0.034639  0.078861  0.198094  0.688407      0.110852      0.099578      0.121714      0.100401
62         Neutral_3      1.759534            0.399828  42.0        0.907432              68  0.083757  0.316071  0.226978  0.373194      0.105881      0.102623      0.100781      0.899765
63     Aggressive_10      1.758770            0.398829  42.0        0.097973               1  0.082658  0.316171  0.227214  0.373957      0.100163      0.099999      0.099848      0.899348
64        Neutral_21      1.758189            0.398943  42.0        0.105405              63  0.082854  0.316089  0.227328  0.373728      0.099209      0.099410      0.100246      0.899856
65     Cooperative_9      1.726439            0.505845  20.5        0.902703              49  0.182941  0.322904  0.170417  0.323738      0.898850      0.100152      0.100990      0.900464
66        Neutral_11      1.710520            0.175882  52.0        0.097297              52  0.073924  0.101958  0.166461  0.657657      0.478308      0.099168      0.242214      0.100961
67     Cooperative_5      1.700074            0.381959  44.0        0.111486              45  0.088893  0.293067  0.203901  0.414139      0.099667      0.658246      0.101257      0.283139
68      Aggressive_4      1.628642            0.615128  22.5        0.108784              19  0.179448  0.435680  0.176308  0.208564      0.099423      0.900301      0.100581      0.900239
69      Aggressive_3      1.628615            0.615612  22.0        0.904054              18  0.179887  0.435725  0.176284  0.208103      0.100590      0.899791      0.098762      0.900952
70    Cooperative_21      1.626946            0.615909  21.5        0.895270              38  0.179301  0.436607  0.176034  0.208057      0.100517      0.900395      0.098967      0.900355
71        Neutral_13      1.587439            0.898972   1.0        0.089189              54  0.430555  0.468418  0.048516  0.052512      0.900400      0.899613      0.901118      0.900008
72    Cooperative_12      1.587345            0.899971   1.0        0.900676              28  0.431627  0.468344  0.047978  0.052051      0.899567      0.899791      0.901217      0.899652
73    Cooperative_13      1.586054            0.897772   1.5        0.098649              29  0.429603  0.468170  0.048664  0.053564      0.900228      0.899022      0.882940      0.875413
74        Neutral_10      1.585446            0.900121   1.0        0.908108              51  0.431730  0.468391  0.047727  0.052152      0.899977      0.900098      0.900105      0.897545