Normalised cooperation:
column       Aggressive  Cooperative   Neutral
index                                         
Aggressive     0.245696     0.279851  0.268457
Cooperative    0.442629     0.641230  0.586080
Neutral        0.377788     0.541330  0.496104

Payoffs:
column       Aggressive  Cooperative   Neutral
index                                         
Aggressive     1.670454     2.340101  2.122358
Cooperative    1.526211     2.468044  2.224358
Neutral        1.575704     2.448109  2.211379

Results Summary:
                Name  Median_score  Cooperation_rating  Wins  Initial_C_rate  Original_index   CC_rate   CD_rate   DC_rate   DD_rate  CC_to_C_rate  CD_to_C_rate  DC_to_C_rate  DD_to_C_rate
Rank                                                                                                                                                                                        
0     Cooperative_17      2.242230            0.549210  29.0        0.904054              33  0.412061  0.137149  0.138476  0.312314      0.678843      0.612378      0.488585      0.333051
1         Neutral_14      2.224926            0.546895  28.5        0.912838              55  0.410892  0.136003  0.137688  0.315417      0.674428      0.610046      0.492200      0.354644
2         Neutral_17      2.134973            0.677070   6.0        0.900676              58  0.457208  0.219862  0.109411  0.213519      0.898428      0.638511      0.900716      0.359125
3     Cooperative_10      2.131507            0.677485   5.0        0.895270              26  0.457887  0.219598  0.108675  0.213840      0.900442      0.639699      0.898375      0.359460
4         Neutral_20      2.129149            0.677286   6.0        0.904730              62  0.458043  0.219243  0.108657  0.214057      0.900659      0.639612      0.902790      0.353773
5     Cooperative_22      2.128608            0.676446   6.5        0.908108              39  0.457065  0.219381  0.108817  0.214737      0.900421      0.638920      0.900555      0.347254
6      Cooperative_6      2.120507            0.539063  19.0        0.903378              46  0.282434  0.256629  0.201699  0.259239      0.898221      0.100668      0.886774      0.288386
7     Cooperative_11      2.118216            0.737920   4.0        0.889865              27  0.499578  0.238342  0.089403  0.172677      0.899835      0.768618      0.900648      0.528380
8     Cooperative_23      2.110797            0.532245  17.0        0.913514              40  0.301233  0.231012  0.184616  0.283139      0.901509      0.170598      0.901420      0.196261
9          Neutral_4      2.109115            0.574393  15.0        0.088514              69  0.292391  0.282002  0.198744  0.226864      0.901681      0.100245      0.899241      0.466450
10         Neutral_3      2.107507            0.479787  26.0        0.908108              68  0.222028  0.257759  0.228852  0.291361      0.870018      0.099574      0.814114      0.257039
11    Cooperative_15      2.106101            0.469881  31.0        0.918243              31  0.259344  0.210537  0.199340  0.330779      0.898909      0.112937      0.899613      0.101762
12     Cooperative_4      2.105872            0.567869  17.5        0.904054              44  0.289577  0.278292  0.200562  0.231569      0.899026      0.100364      0.901064      0.385780
13    Cooperative_25      2.105574            0.466182  32.0        0.892568              42  0.256083  0.210099  0.200577  0.333241      0.900443      0.099934      0.900038      0.101657
14     Cooperative_9      2.105169            0.465711  34.0        0.903378              49  0.256320  0.209392  0.200434  0.333855      0.899544      0.100833      0.898623      0.100578
15        Neutral_21      2.105108            0.464580  34.0        0.885811              63  0.255049  0.209532  0.200663  0.334757      0.897499      0.100409      0.899566      0.098973
16     Cooperative_5      2.105054            0.461024  34.5        0.908108              45  0.252644  0.208380  0.201316  0.337661      0.897205      0.101346      0.887837      0.099667
17        Neutral_10      2.104412            0.465378  32.0        0.893243              51  0.255270  0.210107  0.200631  0.333991      0.900099      0.100012      0.899831      0.099919
18         Neutral_8      2.104081            0.465570  33.5        0.902027              73  0.256114  0.209455  0.200284  0.334147      0.900497      0.100460      0.899907      0.099025
19     Cooperative_1      2.104041            0.463643  32.0        0.894595              25  0.253624  0.210019  0.200121  0.336236      0.899308      0.101259      0.900439      0.101170
20        Neutral_25      2.103088            0.465145  32.5        0.900676              67  0.254841  0.210304  0.200577  0.334278      0.901363      0.100696      0.900448      0.099426
21         Neutral_7      2.102743            0.322331  51.0        0.088514              72  0.104057  0.218274  0.278345  0.399324      0.101981      0.100561      0.899817      0.099602
22      Aggressive_7      2.101622            0.462968  33.0        0.893919              22  0.252947  0.210022  0.200226  0.336806      0.900923      0.099163      0.899842      0.101058
23     Cooperative_3      2.101284            0.463828  33.0        0.897297              43  0.254841  0.208986  0.200178  0.335994      0.898687      0.099616      0.898610      0.100487
24     Cooperative_7      2.100757            0.463525  33.0        0.895946              47  0.254649  0.208876  0.200037  0.336438      0.897636      0.099663      0.898781      0.100246
25         Neutral_2      2.099588            0.464258  32.0        0.907432              61  0.255209  0.209049  0.199346  0.336396      0.900431      0.100627      0.900357      0.099799
26     Aggressive_15      2.096486            0.500124  33.5        0.095270               6  0.174330  0.325794  0.268532  0.231345      0.254817      0.163829      0.833546      0.740593
27    Cooperative_19      2.093649            0.649851  11.0        0.912162              35  0.378248  0.271603  0.151684  0.198464      0.899526      0.308335      0.899760      0.457405
28        Neutral_12      2.091223            0.465869  32.0        0.896622              53  0.265620  0.200249  0.190189  0.343943      0.465472      0.464611      0.454914      0.486017
29         Neutral_6      2.083324            0.571164  15.0        0.083784              71  0.286884  0.284280  0.198386  0.230450      0.900187      0.100204      0.899665      0.469854
30        Neutral_24      2.082101            0.403681  48.0        0.895270              66  0.200518  0.203164  0.220911  0.375408      0.803893      0.100515      0.829825      0.100564
31     Aggressive_13      2.080500            0.456093  31.5        0.093919               4  0.245356  0.210736  0.200045  0.343862      0.900606      0.100244      0.899985      0.099881
32        Neutral_16      2.080014            0.455698  32.0        0.102027              57  0.244882  0.210816  0.200042  0.344260      0.901397      0.099875      0.899758      0.101329
33     Aggressive_10      2.079797            0.454991  33.0        0.114189               1  0.244348  0.210643  0.199877  0.345132      0.899990      0.099879      0.899762      0.100075
34      Aggressive_3      2.078412            0.455051  34.0        0.096622              18  0.245268  0.209783  0.199189  0.345761      0.897585      0.099612      0.899882      0.100074
35        Neutral_11      2.078128            0.499936  33.0        0.897973              52  0.173576  0.326360  0.264211  0.235853      0.250434      0.163592      0.832618      0.743288
36    Cooperative_12      2.060203            0.648968  12.0        0.897297              28  0.334552  0.314416  0.176425  0.174607      0.900166      0.100651      0.899865      0.899132
37     Aggressive_12      2.060041            0.258744  52.0        0.102703               3  0.082476  0.176268  0.267624  0.473632      0.157210      0.163172      0.259430      0.311919
38    Cooperative_16      2.058892            0.648464  12.0        0.902027              32  0.333418  0.315047  0.177036  0.174499      0.899631      0.100877      0.900720      0.900542
39     Aggressive_23      2.055270            0.100759  64.0        0.109459              15  0.029907  0.070853  0.266120  0.633120      0.102340      0.099658      0.102288      0.100927
40    Cooperative_24      2.054676            0.103456  65.0        0.900000              41  0.032338  0.071118  0.265385  0.631159      0.189042      0.098902      0.101080      0.099851
41        Neutral_22      2.054203            0.468345  34.0        0.905405              64  0.302076  0.166270  0.152618  0.379036      0.899411      0.525266      0.469680      0.100013
42      Aggressive_1      2.054128            0.099678  67.0        0.095946               0  0.029521  0.070157  0.265995  0.634328      0.100759      0.099666      0.100176      0.099793
43        Neutral_23      2.053892            0.103412  65.0        0.910135              65  0.032386  0.071026  0.264860  0.631728      0.189617      0.100684      0.101043      0.099545
44      Aggressive_6      2.053331            0.100255  65.0        0.102703              21  0.029528  0.070726  0.266339  0.633406      0.100936      0.101261      0.100121      0.100615
45         Neutral_1      2.053243            0.099774  65.0        0.093919              50  0.029382  0.070392  0.266104  0.634122      0.100623      0.100236      0.099268      0.099921
46     Aggressive_25      2.053095            0.100022  65.0        0.095946              17  0.029408  0.070614  0.266111  0.633867      0.100274      0.100342      0.099867      0.100116
47     Aggressive_14      2.052953            0.100771  65.0        0.910811               5  0.030053  0.070718  0.266051  0.633178      0.097925      0.100516      0.100362      0.099576
48      Aggressive_9      2.052878            0.100220  65.0        0.100000              24  0.029629  0.070591  0.266048  0.633732      0.099802      0.099712      0.099226      0.100558
49     Aggressive_19      2.052723            0.100069  65.0        0.086486              10  0.029549  0.070520  0.265859  0.634072      0.099952      0.099396      0.099867      0.099843
50     Aggressive_16      2.052446            0.099950  65.5        0.106081               7  0.029541  0.070409  0.265709  0.634341      0.100710      0.100032      0.098623      0.100169
51     Aggressive_18      2.052284            0.366678  49.0        0.095946               9  0.113306  0.253372  0.269744  0.363578      0.176339      0.175182      0.398307      0.555864
52     Aggressive_22      2.052115            0.100289  63.5        0.104730              14  0.029564  0.070725  0.266016  0.633695      0.102670      0.098034      0.100161      0.100364
53     Aggressive_17      2.052068            0.099784  65.0        0.110135               8  0.029508  0.070276  0.265672  0.634544      0.098306      0.098729      0.099436      0.099764
54     Aggressive_20      2.051689            0.099995  65.0        0.098649              12  0.029422  0.070573  0.265659  0.634345      0.098895      0.099711      0.100402      0.100071
55      Aggressive_5      2.050926            0.100418  64.0        0.113514              20  0.029549  0.070868  0.266041  0.633541      0.100937      0.100736      0.100496      0.100497
56      Aggressive_4      2.034622            0.302464  55.0        0.906081              19  0.163031  0.139432  0.210724  0.486813      0.764337      0.100304      0.494000      0.100155
57     Aggressive_11      2.030811            0.379627  48.0        0.107432               2  0.109178  0.270449  0.270631  0.349742      0.101949      0.100161      0.099263      0.900544
58        Neutral_18      2.029493            0.499724  35.0        0.905405              59  0.255116  0.244608  0.190930  0.309346      0.687351      0.699704      0.299180      0.312072
59    Cooperative_18      2.029216            0.233019  60.5        0.894595              34  0.129882  0.103136  0.216826  0.550155      0.577307      0.101174      0.280950      0.100001
60      Aggressive_2      2.029095            0.386675  47.0        0.092568              11  0.119976  0.266699  0.264178  0.349147      0.100015      0.248210      0.101297      0.844654
61     Aggressive_24      2.028669            0.344245  50.0        0.096622              16  0.105125  0.239120  0.264339  0.391416      0.100283      0.622335      0.101016      0.303851
62         Neutral_5      2.007209            0.750918  13.0        0.093919              70  0.388483  0.362435  0.148132  0.100950      0.900032      0.394065      0.899685      0.686831
63    Cooperative_14      2.004405            0.525090  31.0        0.902027              30  0.251432  0.273657  0.195444  0.279466      0.900262      0.099875      0.099923      0.900497
64         Neutral_9      2.001324            0.524927  31.0        0.887162              74  0.250131  0.274796  0.194703  0.280370      0.900145      0.100375      0.100008      0.900387
65     Cooperative_8      2.000189            0.524284  30.5        0.882432              48  0.249568  0.274716  0.195278  0.280437      0.898874      0.099480      0.100522      0.900471
66        Neutral_13      1.996493            0.523536  31.0        0.895946              54  0.248326  0.275210  0.195818  0.280646      0.900519      0.098940      0.100730      0.900259
67        Neutral_19      1.994007            0.252214  55.0        0.883784              60  0.129879  0.122334  0.214754  0.533032      0.694369      0.099216      0.375799      0.099012
68     Aggressive_21      1.982196            0.215966  60.5        0.083108              13  0.112680  0.103285  0.216106  0.567928      0.550863      0.099012      0.271331      0.099780
69        Neutral_15      1.979797            0.552130  32.0        0.899324              56  0.209246  0.342884  0.226118  0.221753      0.100537      0.900513      0.098615      0.900333
70     Cooperative_2      1.965162            0.324355  57.0        0.895946              36  0.179256  0.145099  0.187843  0.487803      0.628789      0.099099      0.464709      0.100136
71      Aggressive_8      1.960588            0.830409  11.0        0.094595              23  0.482864  0.347545  0.085562  0.084029      0.899371      0.898780      0.101176      0.900111
72    Cooperative_20      1.922736            0.899922   3.5        0.906081              37  0.529023  0.370899  0.058647  0.041432      0.900232      0.899631      0.899763      0.897018
73    Cooperative_13      1.921486            0.900227   3.0        0.901351              29  0.528748  0.371479  0.058914  0.040859      0.899747      0.900226      0.902169      0.901395
74    Cooperative_21      1.921101            0.900253   3.0        0.889865              38  0.528845  0.371408  0.058766  0.040981      0.899902      0.899799      0.901009      0.898338