Normalised cooperation:
column       Aggressive  Cooperative   Neutral
index                                         
Aggressive     0.192442     0.138766  0.126029
Cooperative    0.329488     1.000000  1.000000
Neutral        0.311803     1.000000  1.000000

Payoffs:
column       Aggressive  Cooperative   Neutral
index                                         
Aggressive     1.534965     2.121852  2.089489
Cooperative    1.168242     3.000000  3.000000
Neutral        1.160622     3.000000  3.000000

Results Summary:
                Name  Median_score  Cooperation_rating  Wins  Initial_C_rate  Original_index   CC_rate   CD_rate   DC_rate   DD_rate  CC_to_C_rate  CD_to_C_rate  DC_to_C_rate  DD_to_C_rate
Rank                                                                                                                                                                                        
0      Cooperative_2      2.448095            0.740365   7.0             1.0              36  0.670027  0.070338  0.044595  0.215041      0.982143      0.000000      0.336705      0.324214
1         Neutral_12      2.444432            0.739049   0.0             1.0              53  0.681699  0.057349  0.034550  0.226401      1.000000      0.000000      1.000000      0.098214
2      Cooperative_1      2.443122            0.703324   0.0             1.0              25  0.665716  0.037608  0.037324  0.259351      1.000000      0.000000      1.000000      0.000000
3     Cooperative_15      2.443122            0.703324   0.0             1.0              31  0.665716  0.037608  0.037324  0.259351      1.000000      0.000000      1.000000      0.000000
4     Cooperative_16      2.443122            0.703324   0.0             1.0              32  0.665716  0.037608  0.037324  0.259351      1.000000      0.000000      1.000000      0.000000
5     Cooperative_18      2.443122            0.703324   0.0             1.0              34  0.665716  0.037608  0.037324  0.259351      1.000000      0.000000      1.000000      0.000000
6     Cooperative_20      2.443122            0.703324   0.0             1.0              37  0.665716  0.037608  0.037324  0.259351      1.000000      0.000000      1.000000      0.000000
7      Cooperative_4      2.443122            0.703324   0.0             1.0              44  0.665716  0.037608  0.037324  0.259351      1.000000      0.000000      1.000000      0.000000
8          Neutral_1      2.443122            0.703324   0.0             1.0              50  0.665716  0.037608  0.037324  0.259351      1.000000      0.000000      1.000000      0.000000
9         Neutral_14      2.443122            0.703324   0.0             1.0              55  0.665716  0.037608  0.037324  0.259351      1.000000      0.000000      1.000000      0.000000
10        Neutral_18      2.443122            0.703324   0.0             1.0              59  0.665716  0.037608  0.037324  0.259351      1.000000      0.000000      1.000000      0.000000
11        Neutral_24      2.443122            0.703324   0.0             1.0              66  0.665716  0.037608  0.037324  0.259351      1.000000      0.000000      1.000000      0.000000
12         Neutral_7      2.443122            0.703324   0.0             1.0              72  0.665716  0.037608  0.037324  0.259351      1.000000      0.000000      1.000000      0.000000
13        Neutral_25      2.432189            0.725770   0.0             1.0              67  0.672473  0.053297  0.035135  0.239095      1.000000      0.000000      1.000000      0.125559
14    Cooperative_10      2.428419            0.742985   0.0             1.0              26  0.683399  0.059586  0.030888  0.226127      1.000000      0.099944      1.000000      0.099577
15    Cooperative_22      2.428412            0.743103   0.0             1.0              39  0.683266  0.059838  0.030907  0.225989      1.000000      0.101384      1.000000      0.099411
16    Cooperative_19      2.428088            0.742917   0.0             1.0              35  0.682867  0.060050  0.030872  0.226211      1.000000      0.101299      1.000000      0.102403
17        Neutral_13      2.419784            0.743743   0.0             1.0              54  0.669554  0.074189  0.038716  0.217541      1.000000      0.000000      1.000000      0.199389
18    Cooperative_23      2.394176            0.763243   0.0             1.0              40  0.671122  0.092122  0.036014  0.200743      1.000000      0.000000      1.000000      0.332690
19        Neutral_22      2.394176            0.763243   0.0             1.0              64  0.671122  0.092122  0.036014  0.200743      1.000000      0.000000      1.000000      0.332690
20     Cooperative_9      2.373351            0.769000   0.0             1.0              49  0.685216  0.083784  0.021676  0.209324      1.000000      0.319996      1.000000      0.279454
21    Cooperative_11      2.355986            0.781824   0.0             1.0              27  0.669108  0.112716  0.032622  0.185554      1.000000      0.000000      1.000000      0.475048
22    Cooperative_14      2.355986            0.781824   0.0             1.0              30  0.669108  0.112716  0.032622  0.185554      1.000000      0.000000      1.000000      0.475048
23    Cooperative_17      2.355986            0.781824   0.0             1.0              33  0.669108  0.112716  0.032622  0.185554      1.000000      0.000000      1.000000      0.475048
24    Cooperative_24      2.355986            0.781824   0.0             1.0              41  0.669108  0.112716  0.032622  0.185554      1.000000      0.000000      1.000000      0.475048
25     Cooperative_3      2.355986            0.781824   0.0             1.0              43  0.669108  0.112716  0.032622  0.185554      1.000000      0.000000      1.000000      0.475048
26     Cooperative_5      2.355986            0.781824   0.0             1.0              45  0.669108  0.112716  0.032622  0.185554      1.000000      0.000000      1.000000      0.475048
27     Cooperative_6      2.355986            0.781824   0.0             1.0              46  0.669108  0.112716  0.032622  0.185554      1.000000      0.000000      1.000000      0.475048
28        Neutral_10      2.355986            0.781824   0.0             1.0              51  0.669108  0.112716  0.032622  0.185554      1.000000      0.000000      1.000000      0.475048
29        Neutral_15      2.355986            0.781824   0.0             1.0              56  0.669108  0.112716  0.032622  0.185554      1.000000      0.000000      1.000000      0.475048
30        Neutral_16      2.355986            0.781824   0.0             1.0              57  0.669108  0.112716  0.032622  0.185554      1.000000      0.000000      1.000000      0.475048
31        Neutral_17      2.355986            0.781824   0.0             1.0              58  0.669108  0.112716  0.032622  0.185554      1.000000      0.000000      1.000000      0.475048
32        Neutral_19      2.355986            0.781824   0.0             1.0              60  0.669108  0.112716  0.032622  0.185554      1.000000      0.000000      1.000000      0.475048
33         Neutral_2      2.355986            0.781824   0.0             1.0              61  0.669108  0.112716  0.032622  0.185554      1.000000      0.000000      1.000000      0.475048
34        Neutral_20      2.355986            0.781824   0.0             1.0              62  0.669108  0.112716  0.032622  0.185554      1.000000      0.000000      1.000000      0.475048
35        Neutral_21      2.355986            0.781824   0.0             1.0              63  0.669108  0.112716  0.032622  0.185554      1.000000      0.000000      1.000000      0.475048
36        Neutral_23      2.355986            0.781824   0.0             1.0              65  0.669108  0.112716  0.032622  0.185554      1.000000      0.000000      1.000000      0.475048
37         Neutral_4      2.355986            0.781824   0.0             1.0              69  0.669108  0.112716  0.032622  0.185554      1.000000      0.000000      1.000000      0.475048
38         Neutral_5      2.355986            0.781824   0.0             1.0              70  0.669108  0.112716  0.032622  0.185554      1.000000      0.000000      1.000000      0.475048
39         Neutral_6      2.355986            0.781824   0.0             1.0              71  0.669108  0.112716  0.032622  0.185554      1.000000      0.000000      1.000000      0.475048
40         Neutral_9      2.355986            0.781824   0.0             1.0              74  0.669108  0.112716  0.032622  0.185554      1.000000      0.000000      1.000000      0.475048
41    Cooperative_13      2.312270            0.857072   0.0             1.0              29  0.714090  0.142982  0.006757  0.136171      1.000000      0.000000      1.000000      1.000000
42    Cooperative_21      2.312236            0.857048   0.0             1.0              38  0.714040  0.143008  0.006757  0.136195      1.000000      0.000000      1.000000      1.000000
43     Cooperative_8      2.312236            0.857070   0.0             1.0              48  0.714085  0.142985  0.006757  0.136173      1.000000      0.000000      1.000000      1.000000
44         Neutral_3      2.312203            0.857057   0.0             1.0              68  0.714059  0.142998  0.006757  0.136186      1.000000      0.000000      1.000000      1.000000
45    Cooperative_12      2.312135            0.857048   0.0             1.0              28  0.714041  0.143007  0.006757  0.136195      1.000000      0.000000      1.000000      1.000000
46    Cooperative_25      2.312068            0.857055   0.0             1.0              42  0.714055  0.143000  0.006757  0.136188      1.000000      0.000000      1.000000      1.000000
47        Neutral_11      2.312068            0.857038   0.0             1.0              52  0.714020  0.143018  0.006757  0.136205      1.000000      0.000000      1.000000      1.000000
48     Cooperative_7      2.311770            0.857272   0.0             1.0              47  0.714044  0.143228  0.006730  0.135998      1.000000      0.026370      1.000000      1.000000
49         Neutral_8      2.306689            0.821284   0.0             1.0              73  0.671811  0.149473  0.028135  0.150581      1.000000      0.489757      1.000000      0.474999
50     Aggressive_10      2.026203            0.219412  42.0             0.0               1  0.078936  0.140476  0.252203  0.528385      0.000000      0.000000      0.000000      0.495426
51      Aggressive_3      2.008378            0.108061  45.0             0.0              18  0.014450  0.093611  0.268291  0.623649      0.000000      0.000000      0.000000      0.325929
52     Aggressive_14      1.997243            0.064335  59.0             1.0               5  0.005518  0.058818  0.261289  0.674376      0.000000      0.000000      0.000000      0.191216
53     Aggressive_24      1.985703            0.013912  63.0             0.0              16  0.013480  0.000432  0.239733  0.746355      0.000000      0.000000      0.000000      0.042385
54     Aggressive_22      1.984791            0.035855  60.0             0.0              14  0.004127  0.031728  0.252116  0.712029      0.791667      0.000000      0.000000      0.092391
55     Aggressive_19      1.972784            0.003768  64.0             0.0              10  0.003366  0.000402  0.242797  0.753435      1.000000      0.000000      0.000000      0.001067
56      Aggressive_9      1.972000            0.000000  70.0             0.0              24  0.000000  0.000000  0.243005  0.756995      0.000000      0.000000      0.000000      0.000000
57     Aggressive_11      1.971703            0.000000  70.0             0.0               2  0.000000  0.000000  0.242947  0.757053      0.000000      0.000000      0.000000      0.000000
58     Aggressive_15      1.971703            0.000000  70.0             0.0               6  0.000000  0.000000  0.242970  0.757030      0.000000      0.000000      0.000000      0.000000
59     Aggressive_21      1.971581            0.000027  70.0             0.0              13  0.000014  0.000014  0.242853  0.757120      1.000000      0.000000      0.001007      0.000000
60     Aggressive_12      1.971527            0.102216  64.0             0.0               3  0.101338  0.000878  0.192440  0.705344      0.904815      0.000000      0.000000      0.126514
61     Aggressive_23      1.971122            0.038480  63.0             1.0              15  0.037304  0.001176  0.224483  0.737037      0.441671      0.500000      0.000000      0.157985
62      Aggressive_4      1.970027            0.004574  64.0             0.0              19  0.004169  0.000405  0.240539  0.754886      0.000000      0.000000      0.000000      0.013459
63      Aggressive_6      1.969696            0.001054  53.0             0.0              21  0.000411  0.000643  0.242368  0.756578      1.000000      0.000000      0.001967      0.005187
64     Aggressive_13      1.966480            0.039693  61.0             0.0               4  0.007205  0.032488  0.246049  0.714257      0.000000      0.000000      0.407972      0.092434
65     Aggressive_17      1.946905            0.003940  62.0             0.0               8  0.003575  0.000365  0.235089  0.760971      0.000000      0.000000      0.000000      0.010894
66     Aggressive_18      1.933959            0.086845  61.0             0.0               9  0.003834  0.083011  0.252297  0.660857      0.000000      0.000000      0.000000      0.385420
67      Aggressive_2      1.919615            0.287900  56.0             0.0              11  0.009840  0.278060  0.294490  0.417610      0.000000      0.000000      0.979843      0.000000
68      Aggressive_5      1.812872            0.591748  55.0             0.0              20  0.217575  0.374173  0.187976  0.220276      0.000000      0.999672      0.000000      0.857241
69     Aggressive_25      1.803047            0.516447  50.0             0.0              17  0.207430  0.309017  0.174253  0.309300      1.000000      0.000000      0.000000      1.000000
70     Aggressive_20      1.785426            0.380699  52.0             0.0              12  0.070663  0.310036  0.238511  0.380791      0.000000      0.000000      0.000000      1.000000
71      Aggressive_1      1.785372            0.380693  52.0             0.0               0  0.070621  0.310072  0.238521  0.380786      0.000000      0.000000      0.000000      1.000000
72      Aggressive_7      1.785196            0.380690  52.0             0.0              22  0.070577  0.310113  0.238526  0.380784      0.000000      0.000000      0.000000      1.000000
73     Aggressive_16      1.783872            0.381430  14.0             1.0               7  0.071267  0.310163  0.237868  0.380702      0.000000      0.000000      0.000000      1.000000
74      Aggressive_8      1.722581            0.119581  50.0             1.0              23  0.013568  0.106014  0.200338  0.680081      0.909091      0.000000      1.000000      0.499933