Normalised cooperation:
column       Aggressive  Cooperative   Neutral
index                                         
Aggressive     0.332578     0.368192  0.391126
Cooperative    0.415853     0.828744  0.699280
Neutral        0.443030     0.714149  0.690419

Payoffs:
column       Aggressive  Cooperative   Neutral
index                                         
Aggressive     1.826000     2.020510  2.103806
Cooperative    1.782206     2.693050  2.540917
Neutral        1.844286     2.466573  2.473829

Results Summary:
                Name  Median_score  Cooperation_rating  Wins  Initial_C_rate  Original_index   CC_rate   CD_rate   DC_rate   DD_rate  CC_to_C_rate  CD_to_C_rate  DC_to_C_rate  DD_to_C_rate
Rank                                                                                                                                                                                        
0      Cooperative_9      2.576189            0.632784  36.0             1.0              49  0.573730  0.059054  0.121946  0.245270      0.999391      0.000000      0.000000      0.598182
1     Cooperative_20      2.503905            0.870311  25.0             1.0              37  0.742486  0.127824  0.036689  0.093000      0.999333      0.000000      0.856856      0.866512
2         Neutral_10      2.503905            0.870311  25.0             1.0              51  0.742486  0.127824  0.036689  0.093000      0.999333      0.000000      0.856856      0.866512
3          Neutral_2      2.503905            0.870311  25.0             1.0              61  0.742486  0.127824  0.036689  0.093000      0.999333      0.000000      0.856856      0.866512
4         Neutral_20      2.503905            0.870311  25.0             1.0              62  0.742486  0.127824  0.036689  0.093000      0.999333      0.000000      0.856856      0.866512
5         Neutral_21      2.503446            0.868068  38.0             1.0              63  0.740811  0.127257  0.037270  0.094662      0.999294      0.000000      0.775760      0.705102
6      Cooperative_1      2.503203            0.871176  14.0             1.0              25  0.742919  0.128257  0.036405  0.092419      0.999445      0.000000      1.000000      0.947281
7     Cooperative_16      2.486986            0.808797  18.0             1.0              32  0.681081  0.127716  0.063135  0.128068      0.999441      0.000000      0.000000      0.954113
8      Cooperative_2      2.486176            0.809365   6.0             1.0              36  0.681270  0.128095  0.062932  0.127703      1.000000      0.000000      0.000000      1.000000
9     Cooperative_23      2.478689            0.604135  27.0             1.0              40  0.559446  0.044689  0.101122  0.294743      0.999599      0.000000      0.767185      0.000000
10    Cooperative_15      2.472108            0.609703  11.0             1.0              31  0.581595  0.028108  0.084257  0.306041      1.000000      0.000000      0.677849      0.000000
11        Neutral_12      2.467635            0.594608  19.0             1.0              53  0.516946  0.077662  0.127851  0.277541      0.879497      0.000000      0.451890      0.541511
12        Neutral_22      2.467635            0.594608  19.0             1.0              64  0.516946  0.077662  0.127851  0.277541      0.879497      0.000000      0.451890      0.541511
13         Neutral_7      2.457703            0.693108  29.0             1.0              72  0.621784  0.071324  0.071365  0.235527      0.999416      0.000000      0.920154      0.000000
14        Neutral_17      2.456716            0.694014   0.0             1.0              58  0.622351  0.071662  0.070919  0.235068      1.000000      0.000000      1.000000      0.000000
15     Aggressive_16      2.454149            0.688419  49.0             1.0               7  0.617595  0.070824  0.072446  0.239135      0.999258      0.000000      0.826519      0.000000
16      Aggressive_7      2.454149            0.688419  49.0             1.0              22  0.617595  0.070824  0.072446  0.239135      0.999258      0.000000      0.826519      0.000000
17        Neutral_13      2.441784            0.695473   0.0             1.0              54  0.617986  0.077486  0.070824  0.233703      1.000000      0.513790      1.000000      0.000000
18         Neutral_6      2.422554            0.521108  33.0             1.0              71  0.492068  0.029041  0.116865  0.362027      0.999618      0.000000      0.436277      0.000000
19    Cooperative_22      2.422122            0.519378  51.0             1.0              39  0.490554  0.028824  0.117459  0.363162      0.999415      0.000000      0.394020      0.000000
20    Cooperative_24      2.422054            0.521405  21.0             1.0              41  0.492216  0.029189  0.116703  0.361892      1.000000      0.000000      0.436384      0.000000
21      Aggressive_3      2.409824            0.632757   9.0             1.0              18  0.614068  0.018689  0.050095  0.317149      1.000000      0.452564      0.528670      0.211696
22    Cooperative_17      2.383541            0.745743  14.0             1.0              33  0.680608  0.065135  0.021865  0.232392      0.998792      0.709911      0.933107      0.489234
23     Cooperative_8      2.377676            0.746905  23.0             1.0              48  0.668986  0.077919  0.029405  0.223689      0.999416      0.559540      0.911547      0.000000
24         Neutral_8      2.376608            0.744135  24.0             1.0              73  0.665743  0.078392  0.030878  0.224986      0.988528      0.540681      0.772040      0.649857
25    Cooperative_21      2.367676            0.719946  13.0             1.0              38  0.655784  0.064162  0.030068  0.249986      0.997835      0.528151      0.983134      0.000000
26     Cooperative_4      2.362135            0.739284  33.0             1.0              44  0.571662  0.167622  0.096608  0.164108      0.823365      0.000000      0.715489      0.916130
27    Cooperative_18      2.361392            0.740054  21.0             1.0              34  0.572014  0.168041  0.096351  0.163595      0.823504      0.000000      0.749998      0.962455
28     Aggressive_21      2.342986            0.674824  29.0             0.0              13  0.564622  0.110203  0.080986  0.244189      0.993023      0.759550      0.000000      0.683456
29     Cooperative_5      2.319027            0.720284  20.0             1.0              45  0.640797  0.079486  0.029230  0.250486      0.999468      0.588816      0.945353      0.000000
30    Cooperative_12      2.318716            0.720770  11.0             1.0              28  0.641108  0.079662  0.029041  0.250189      0.999649      0.588557      0.976190      0.000000
31    Cooperative_19      2.318716            0.720770  11.0             1.0              35  0.641108  0.079662  0.029041  0.250189      0.999649      0.588557      0.976190      0.000000
32         Neutral_9      2.318716            0.720770  11.0             1.0              74  0.641108  0.079662  0.029041  0.250189      0.999649      0.588557      0.976190      0.000000
33    Cooperative_25      2.318000            0.721257   0.0             1.0              42  0.641284  0.079973  0.028851  0.249892      1.000000      0.656137      1.000000      0.000000
34    Cooperative_13      2.317892            0.610459   7.0             1.0              29  0.552838  0.057622  0.067459  0.322081      1.000000      0.566298      0.570872      0.000000
35    Cooperative_11      2.317041            0.715514  35.0             1.0              27  0.636851  0.078662  0.030500  0.253986      0.999215      0.616155      0.839910      0.000000
36    Cooperative_14      2.308365            0.693784   0.0             1.0              30  0.627797  0.065986  0.029689  0.276527      0.983437      0.651353      1.000000      0.000000
37        Neutral_15      2.294554            0.815878  37.0             1.0              56  0.619351  0.196527  0.063095  0.121027      0.993262      0.605574      0.000000      0.560938
38         Neutral_4      2.292730            0.705176  24.0             0.0              69  0.546311  0.158865  0.089743  0.205081      0.964703      0.691801      0.900012      0.351891
39      Aggressive_6      2.281068            0.605486  24.0             1.0              21  0.305338  0.300149  0.242635  0.151878      0.735808      0.000000      1.000000      1.000000
40        Neutral_16      2.267000            0.509054  42.0             1.0              57  0.491243  0.017811  0.075581  0.415365      0.979647      0.662011      0.000000      0.285423
41        Neutral_25      2.228500            0.766716  32.0             1.0              67  0.559216  0.207500  0.079392  0.153892      0.955566      0.615477      0.822940      0.288292
42         Neutral_1      2.227378            0.712270  35.0             1.0              50  0.542622  0.169649  0.077946  0.209784      0.973854      0.000000      0.403567      0.630108
43     Aggressive_12      2.206459            0.297689  30.0             0.0               3  0.104338  0.193351  0.297784  0.404527      0.000000      0.000000      1.000000      0.000000
44      Aggressive_2      2.204189            0.295405  51.0             0.0              11  0.103595  0.191811  0.297203  0.407392      0.000000      0.000000      0.994578      0.000000
45     Aggressive_14      2.145581            0.648676  45.0             0.0               5  0.347743  0.300932  0.187757  0.163568      0.896334      0.000000      0.976294      0.804592
46      Aggressive_4      2.105270            0.463905  47.0             0.0              19  0.294716  0.169189  0.171257  0.364838      0.999287      0.000000      0.833149      0.000000
47    Cooperative_10      2.104878            0.595135  30.0             1.0              26  0.493824  0.101311  0.054635  0.350230      0.986812      0.550271      0.597094      0.725191
48         Neutral_5      2.075486            0.562297  28.0             1.0              70  0.305838  0.256459  0.180068  0.257635      0.947415      0.000000      0.000000      0.988948
49     Aggressive_10      2.072392            0.560878  27.0             1.0               1  0.303703  0.257176  0.180541  0.258581      0.877229      0.000000      0.000000      0.988469
50     Aggressive_24      2.067108            0.645311  36.0             0.0              16  0.313689  0.331622  0.192838  0.161851      0.508903      0.920521      0.000000      1.000000
51        Neutral_14      2.063392            0.546919  32.0             0.0              55  0.353635  0.193284  0.137351  0.315730      0.917227      0.584004      0.597561      0.580078
52     Cooperative_6      2.054432            0.475203  47.0             1.0              46  0.179608  0.295595  0.247703  0.277095      0.637693      0.000000      0.603508      0.812776
53        Neutral_19      2.048514            0.506432  41.0             1.0              60  0.242243  0.264189  0.207054  0.286514      0.922212      0.000000      0.000000      0.982975
54        Neutral_24      2.048000            0.508432  38.0             1.0              66  0.242865  0.265568  0.206959  0.284608      0.920809      0.000000      0.000000      0.998634
55         Neutral_3      2.026811            0.324932  46.0             1.0              68  0.257122  0.067811  0.145095  0.529973      0.955725      0.559965      0.000000      0.559138
56     Aggressive_20      2.011635            0.467797  44.0             0.0              12  0.198135  0.269662  0.221257  0.310946      0.840583      0.020007      0.000000      0.969023
57      Aggressive_8      1.980986            0.423824  14.0             0.0              23  0.325027  0.098797  0.107432  0.468743      0.851064      0.375297      0.847680      0.222135
58     Aggressive_22      1.980608            0.423635  14.0             0.0              14  0.324838  0.098797  0.107432  0.468932      1.000000      0.375297      0.848982      0.222135
59     Cooperative_3      1.948568            0.162905  53.0             0.0              43  0.161770  0.001135  0.156541  0.680554      0.999346      0.852137      0.369903      0.000000
60        Neutral_11      1.857851            0.398446  28.0             0.0              52  0.266243  0.132203  0.114392  0.487162      0.899761      0.619142      0.810213      0.000000
61     Aggressive_15      1.855122            0.161662  44.0             1.0               6  0.123865  0.037797  0.161297  0.677041      0.964142      0.000000      0.498015      0.169021
62      Aggressive_5      1.814378            0.231838  40.0             0.0              20  0.217514  0.014324  0.098419  0.669743      1.000000      0.000000      0.500673      0.201914
63     Cooperative_7      1.783459            0.039095  61.0             1.0              47  0.010365  0.028730  0.197865  0.763041      0.915960      0.000000      0.384901      0.000000
64      Aggressive_1      1.782770            0.540919  27.0             1.0               0  0.372311  0.168608  0.051689  0.407392      0.995481      0.995477      0.791667      0.079138
65        Neutral_18      1.747459            0.020527  59.0             1.0              59  0.020068  0.000459  0.176946  0.802527      0.918849      0.500000      0.000000      0.084605
66        Neutral_23      1.729486            0.174014  46.0             1.0              65  0.166284  0.007730  0.101162  0.724824      0.950913      0.659630      0.014868      0.207756
67     Aggressive_13      1.712919            0.000000  65.0             0.0               4  0.000000  0.000000  0.178230  0.821770      0.000000      0.000000      0.000000      0.000000
68     Aggressive_17      1.712919            0.000000  65.0             0.0               8  0.000000  0.000000  0.178230  0.821770      0.000000      0.000000      0.000000      0.000000
69     Aggressive_18      1.712919            0.000000  65.0             0.0               9  0.000000  0.000000  0.178230  0.821770      0.000000      0.000000      0.000000      0.000000
70     Aggressive_23      1.712919            0.000000  65.0             0.0              15  0.000000  0.000000  0.178230  0.821770      0.000000      0.000000      0.000000      0.000000
71      Aggressive_9      1.712919            0.000000  65.0             0.0              24  0.000000  0.000000  0.178230  0.821770      0.000000      0.000000      0.000000      0.000000
72     Aggressive_19      1.680432            0.293797  41.0             0.0              10  0.034311  0.259486  0.217824  0.488378      0.000000      1.000000      0.000000      0.090340
73     Aggressive_11      1.670432            0.100973  52.0             0.0               2  0.100108  0.000865  0.117770  0.781257      0.000000      0.000000      0.000000      0.297873
74     Aggressive_25      1.461946            0.189811  56.0             1.0              17  0.042568  0.147243  0.131014  0.679176      0.937249      0.999155      0.000000      1.000000