Normalised cooperation:
column       Aggressive  Cooperative   Neutral
index                                         
Aggressive     0.279646     0.320066  0.317846
Cooperative    0.334429     0.999720  0.999720
Neutral        0.345842     0.999800  0.999800

Payoffs:
column       Aggressive  Cooperative   Neutral
index                                         
Aggressive     1.748680     1.836042  1.881426
Cooperative    1.764226     2.999642  2.999904
Neutral        1.741450     2.999504  2.999760

Results Summary:
                Name  Median_score  Cooperation_rating  Wins  Initial_C_rate  Original_index   CC_rate   CD_rate   DC_rate   DD_rate  CC_to_C_rate  CD_to_C_rate  DC_to_C_rate  DD_to_C_rate
Rank                                                                                                                                                                                        
0      Aggressive_23      2.609027            0.740351  39.0             0.0              15  0.692838  0.047514  0.067716  0.191932      0.974571      0.816287      1.000000      0.175403
1      Aggressive_11      2.593500            0.776189   4.0             0.0               2  0.733068  0.043122  0.042622  0.181189      1.000000      0.799638      0.999811      0.784898
2      Aggressive_22      2.593392            0.776351   3.0             0.0              14  0.733284  0.043068  0.042473  0.181176      1.000000      0.852677      0.999784      0.730246
3     Cooperative_10      2.589946            0.769838  40.0             1.0              26  0.720919  0.048919  0.049257  0.180905      0.999052      0.000000      0.999388      0.000000
4     Cooperative_12      2.589946            0.769838  40.0             1.0              28  0.720919  0.048919  0.049257  0.180905      0.999052      0.000000      0.999388      0.000000
5     Cooperative_16      2.589946            0.769838  40.0             1.0              32  0.720919  0.048919  0.049257  0.180905      0.999052      0.000000      0.999388      0.000000
6     Cooperative_19      2.589946            0.769838  40.0             1.0              35  0.720919  0.048919  0.049257  0.180905      0.999052      0.000000      0.999388      0.000000
7      Cooperative_4      2.589946            0.769838  40.0             1.0              44  0.720919  0.048919  0.049257  0.180905      0.999052      0.000000      0.999388      0.000000
8      Cooperative_5      2.589946            0.769838  40.0             1.0              45  0.720919  0.048919  0.049257  0.180905      0.999052      0.000000      0.999388      0.000000
9      Cooperative_7      2.589946            0.769838  40.0             1.0              47  0.720919  0.048919  0.049257  0.180905      0.999052      0.000000      0.999388      0.000000
10        Neutral_16      2.589946            0.769838  40.0             1.0              57  0.720919  0.048919  0.049257  0.180905      0.999052      0.000000      0.999388      0.000000
11        Neutral_20      2.589946            0.769838  40.0             1.0              62  0.720919  0.048919  0.049257  0.180905      0.999052      0.000000      0.999388      0.000000
12        Neutral_23      2.589946            0.769838  40.0             1.0              65  0.720919  0.048919  0.049257  0.180905      0.999052      0.000000      0.999388      0.000000
13        Neutral_24      2.589946            0.769838  40.0             1.0              66  0.720919  0.048919  0.049257  0.180905      0.999052      0.000000      0.999388      0.000000
14         Neutral_4      2.589946            0.769838  40.0             1.0              69  0.720919  0.048919  0.049257  0.180905      0.999052      0.000000      0.999388      0.000000
15     Cooperative_1      2.588595            0.770608   0.0             1.0              25  0.721446  0.049162  0.048716  0.180676      1.000000      0.000000      1.000000      0.000000
16    Cooperative_11      2.588595            0.770608   0.0             1.0              27  0.721446  0.049162  0.048716  0.180676      1.000000      0.000000      1.000000      0.000000
17    Cooperative_14      2.588595            0.770608   0.0             1.0              30  0.721446  0.049162  0.048716  0.180676      1.000000      0.000000      1.000000      0.000000
18    Cooperative_15      2.588595            0.770608   0.0             1.0              31  0.721446  0.049162  0.048716  0.180676      1.000000      0.000000      1.000000      0.000000
19    Cooperative_17      2.588595            0.770608   0.0             1.0              33  0.721446  0.049162  0.048716  0.180676      1.000000      0.000000      1.000000      0.000000
20    Cooperative_18      2.588595            0.770608   0.0             1.0              34  0.721446  0.049162  0.048716  0.180676      1.000000      0.000000      1.000000      0.000000
21     Cooperative_2      2.588595            0.770608   0.0             1.0              36  0.721446  0.049162  0.048716  0.180676      1.000000      0.000000      1.000000      0.000000
22    Cooperative_20      2.588595            0.770608   0.0             1.0              37  0.721446  0.049162  0.048716  0.180676      1.000000      0.000000      1.000000      0.000000
23    Cooperative_21      2.588595            0.770608   0.0             1.0              38  0.721446  0.049162  0.048716  0.180676      1.000000      0.000000      1.000000      0.000000
24    Cooperative_22      2.588595            0.770608   0.0             1.0              39  0.721446  0.049162  0.048716  0.180676      1.000000      0.000000      1.000000      0.000000
25    Cooperative_23      2.588595            0.770608   0.0             1.0              40  0.721446  0.049162  0.048716  0.180676      1.000000      0.000000      1.000000      0.000000
26    Cooperative_24      2.588595            0.770608   0.0             1.0              41  0.721446  0.049162  0.048716  0.180676      1.000000      0.000000      1.000000      0.000000
27    Cooperative_25      2.588595            0.770608   0.0             1.0              42  0.721446  0.049162  0.048716  0.180676      1.000000      0.000000      1.000000      0.000000
28     Cooperative_3      2.588595            0.770608   0.0             1.0              43  0.721446  0.049162  0.048716  0.180676      1.000000      0.000000      1.000000      0.000000
29     Cooperative_6      2.588595            0.770608   0.0             1.0              46  0.721446  0.049162  0.048716  0.180676      1.000000      0.000000      1.000000      0.000000
30     Cooperative_8      2.588595            0.770608   0.0             1.0              48  0.721446  0.049162  0.048716  0.180676      1.000000      0.000000      1.000000      0.000000
31     Cooperative_9      2.588595            0.770608   0.0             1.0              49  0.721446  0.049162  0.048716  0.180676      1.000000      0.000000      1.000000      0.000000
32         Neutral_1      2.588595            0.770608   0.0             1.0              50  0.721446  0.049162  0.048716  0.180676      1.000000      0.000000      1.000000      0.000000
33        Neutral_11      2.588595            0.770608   0.0             1.0              52  0.721446  0.049162  0.048716  0.180676      1.000000      0.000000      1.000000      0.000000
34        Neutral_12      2.588595            0.770608   0.0             1.0              53  0.721446  0.049162  0.048716  0.180676      1.000000      0.000000      1.000000      0.000000
35        Neutral_13      2.588595            0.770608   0.0             1.0              54  0.721446  0.049162  0.048716  0.180676      1.000000      0.000000      1.000000      0.000000
36        Neutral_14      2.588595            0.770608   0.0             1.0              55  0.721446  0.049162  0.048716  0.180676      1.000000      0.000000      1.000000      0.000000
37        Neutral_15      2.588595            0.770608   0.0             1.0              56  0.721446  0.049162  0.048716  0.180676      1.000000      0.000000      1.000000      0.000000
38        Neutral_17      2.588595            0.770608   0.0             1.0              58  0.721446  0.049162  0.048716  0.180676      1.000000      0.000000      1.000000      0.000000
39        Neutral_18      2.588595            0.770608   0.0             1.0              59  0.721446  0.049162  0.048716  0.180676      1.000000      0.000000      1.000000      0.000000
40        Neutral_19      2.588595            0.770608   0.0             1.0              60  0.721446  0.049162  0.048716  0.180676      1.000000      0.000000      1.000000      0.000000
41         Neutral_2      2.588595            0.770608   0.0             1.0              61  0.721446  0.049162  0.048716  0.180676      1.000000      0.000000      1.000000      0.000000
42        Neutral_21      2.588595            0.770608   0.0             1.0              63  0.721446  0.049162  0.048716  0.180676      1.000000      0.000000      1.000000      0.000000
43        Neutral_22      2.588595            0.770608   0.0             1.0              64  0.721446  0.049162  0.048716  0.180676      1.000000      0.000000      1.000000      0.000000
44        Neutral_25      2.588595            0.770608   0.0             1.0              67  0.721446  0.049162  0.048716  0.180676      1.000000      0.000000      1.000000      0.000000
45         Neutral_3      2.588595            0.770608   0.0             1.0              68  0.721446  0.049162  0.048716  0.180676      1.000000      0.000000      1.000000      0.000000
46         Neutral_5      2.588595            0.770608   0.0             1.0              70  0.721446  0.049162  0.048716  0.180676      1.000000      0.000000      1.000000      0.000000
47         Neutral_6      2.588595            0.770608   0.0             1.0              71  0.721446  0.049162  0.048716  0.180676      1.000000      0.000000      1.000000      0.000000
48         Neutral_8      2.588595            0.770608   0.0             1.0              73  0.721446  0.049162  0.048716  0.180676      1.000000      0.000000      1.000000      0.000000
49         Neutral_9      2.588595            0.770608   0.0             1.0              74  0.721446  0.049162  0.048716  0.180676      1.000000      0.000000      1.000000      0.000000
50    Cooperative_13      2.423338            0.884784   0.0             1.0              29  0.769338  0.115446  0.000027  0.115189      1.000000      0.000000      1.000000      1.000000
51        Neutral_10      2.409919            0.875784   1.0             1.0              51  0.755865  0.119919  0.004527  0.119689      1.000000      0.000000      0.000000      1.000000
52         Neutral_7      2.409919            0.875784   1.0             1.0              72  0.755865  0.119919  0.004527  0.119689      1.000000      0.000000      0.000000      1.000000
53     Aggressive_15      2.278486            0.459027  39.0             0.0               6  0.100000  0.359027  0.359378  0.181595      1.000000      0.000000      0.998432      0.784898
54     Aggressive_19      2.202784            0.996027  42.0             0.0              10  0.730108  0.265919  0.002122  0.001851      0.999080      0.658969      0.500000      0.909091
55      Aggressive_1      1.991041            0.548865  59.0             0.0               0  0.224905  0.323959  0.216297  0.234838      0.000000      0.999669      0.000000      0.841781
56     Aggressive_14      1.956932            0.175716  17.0             0.0               5  0.000054  0.175662  0.283122  0.541162      0.000000      0.000000      0.000000      0.392073
57     Aggressive_16      1.898811            0.362405  44.0             0.0               7  0.053811  0.308595  0.274946  0.362649      0.000000      0.000000      0.000000      1.000000
58     Aggressive_17      1.898811            0.362405  44.0             0.0               8  0.053811  0.308595  0.274946  0.362649      0.000000      0.000000      0.000000      1.000000
59     Aggressive_18      1.898811            0.362405  44.0             0.0               9  0.053811  0.308595  0.274946  0.362649      0.000000      0.000000      0.000000      1.000000
60      Aggressive_5      1.895459            0.359000  60.0             0.0              20  0.053541  0.305459  0.273459  0.367541      0.000000      0.000000      0.000000      0.979182
61     Aggressive_13      1.834068            0.365757  56.0             1.0               4  0.054122  0.311635  0.259365  0.374878      0.000000      0.000000      0.000000      0.974949
62     Aggressive_20      1.806581            0.398027  54.0             0.0              12  0.062365  0.335662  0.254378  0.347595      0.961137      0.000000      0.000000      0.977474
63      Aggressive_4      1.796568            0.373946  62.0             0.0              19  0.120027  0.253919  0.202608  0.423446      0.000000      1.000000      0.000000      0.311035
64     Aggressive_25      1.727500            0.158014  65.0             0.0              17  0.021081  0.136932  0.205568  0.636419      0.000000      0.000000      0.000000      0.253306
65      Aggressive_3      1.705027            0.213243  15.0             0.0              18  0.005622  0.207622  0.225351  0.561405      0.000000      0.000000      0.000000      0.423479
66      Aggressive_9      1.607392            0.067905  66.0             0.0              24  0.000000  0.067905  0.168824  0.763270      0.000000      0.000000      0.000000      0.097790
67     Aggressive_10      1.447514            0.000000  69.0             0.0               1  0.000000  0.000000  0.111878  0.888122      0.000000      0.000000      0.000000      0.000000
68     Aggressive_21      1.447514            0.000000  69.0             0.0              13  0.000000  0.000000  0.111878  0.888122      0.000000      0.000000      0.000000      0.000000
69     Aggressive_24      1.447514            0.000000  69.0             0.0              16  0.000000  0.000000  0.111878  0.888122      0.000000      0.000000      0.000000      0.000000
70      Aggressive_6      1.447514            0.000000  69.0             0.0              21  0.000000  0.000000  0.111878  0.888122      0.000000      0.000000      0.000000      0.000000
71      Aggressive_8      1.447514            0.000000  69.0             0.0              23  0.000000  0.000000  0.111878  0.888122      0.000000      0.000000      0.000000      0.000000
72     Aggressive_12      1.446730            0.000311  67.0             0.0               3  0.000095  0.000216  0.111689  0.888000      0.000000      0.000000      0.223453      0.050951
73      Aggressive_2      1.387243            0.010108  69.0             0.0              11  0.010054  0.000054  0.091797  0.898095      0.000000      0.000000      0.416373      0.000000
74      Aggressive_7      1.193811            0.108892  57.0             0.0              22  0.013730  0.095162  0.065378  0.825730      1.000000      1.000000      0.460942      0.373811