Normalised cooperation:
column       Aggressive  Cooperative   Neutral
index                                         
Aggressive     0.106236     0.238616  0.202322
Cooperative    0.422067     0.907506  0.913850
Neutral        0.385133     0.908083  0.916248

Payoffs:
column       Aggressive  Cooperative   Neutral
index                                         
Aggressive     1.281280     2.291310  2.214934
Cooperative    1.374056     2.902211  2.895003
Neutral        1.300880     2.923835  2.910421

Results Summary:
                Name  Median_score  Cooperation_rating  Wins  Initial_C_rate  Original_index   CC_rate   CD_rate   DC_rate   DD_rate  CC_to_C_rate  CD_to_C_rate  DC_to_C_rate  DD_to_C_rate
Rank                                                                                                                                                                                        
0     Cooperative_23      2.670493            0.775921   5.0             1.0              40  0.739449  0.036472  0.057018  0.167061      1.000000      0.710443      0.815050      0.000000
1      Cooperative_1      2.492527            0.730561   7.0             1.0              25  0.705259  0.025302  0.026834  0.242605      1.000000      0.677103      0.000000      0.000000
2     Cooperative_22      2.474426            0.883082   0.0             1.0              39  0.745795  0.137286  0.030054  0.086864      1.000000      0.539415      1.000000      0.499588
3     Cooperative_25      2.474399            0.883062   0.0             1.0              42  0.745713  0.137349  0.030095  0.086843      1.000000      0.539363      1.000000      0.499587
4      Cooperative_2      2.469345            0.811840   0.0             1.0              36  0.707964  0.103876  0.039340  0.148820      1.000000      0.666845      1.000000      0.000000
5      Cooperative_5      2.469284            0.811786   0.0             1.0              45  0.707853  0.103933  0.039389  0.148825      1.000000      0.666758      1.000000      0.000000
6     Cooperative_20      2.469270            0.811805   0.0             1.0              37  0.707886  0.103920  0.039373  0.148822      1.000000      0.666799      1.000000      0.000000
7         Neutral_11      2.466892            0.734213   0.0             1.0              52  0.674820  0.059393  0.044182  0.221605      1.000000      0.318330      1.000000      0.150583
8         Neutral_16      2.450419            0.691225   0.0             1.0              57  0.620730  0.070495  0.069864  0.238911      1.000000      0.000000      1.000000      0.046754
9     Cooperative_24      2.432385            0.843226   0.0             1.0              41  0.726204  0.117022  0.024282  0.132492      1.000000      0.368165      1.000000      0.597063
10         Neutral_1      2.425135            0.676713  46.0             1.0              50  0.606581  0.070132  0.070527  0.252760      0.999065      0.000000      0.975665      0.000000
11        Neutral_10      2.425135            0.676714  46.0             1.0              51  0.606581  0.070133  0.070527  0.252759      0.999065      0.000000      0.975665      0.000000
12    Cooperative_11      2.423743            0.677444   0.0             1.0              27  0.607189  0.070255  0.069905  0.252651      1.000000      0.000000      1.000000      0.000000
13    Cooperative_14      2.423743            0.677442   0.0             1.0              30  0.607189  0.070253  0.069905  0.252653      1.000000      0.000000      1.000000      0.000000
14     Cooperative_3      2.423743            0.677442   0.0             1.0              43  0.607189  0.070253  0.069905  0.252653      1.000000      0.000000      1.000000      0.000000
15        Neutral_15      2.423743            0.677444   0.0             1.0              56  0.607189  0.070255  0.069905  0.252651      1.000000      0.000000      1.000000      0.000000
16         Neutral_3      2.423743            0.677443   0.0             1.0              68  0.607189  0.070254  0.069905  0.252651      1.000000      0.000000      1.000000      0.000000
17         Neutral_6      2.423743            0.677441   0.0             1.0              71  0.607189  0.070251  0.069905  0.252654      1.000000      0.000000      1.000000      0.000000
18         Neutral_7      2.423743            0.677442   0.0             1.0              72  0.607189  0.070253  0.069905  0.252653      1.000000      0.000000      1.000000      0.000000
19        Neutral_13      2.419784            0.781056   0.0             1.0              54  0.674754  0.106302  0.044180  0.174764      1.000000      0.161870      1.000000      0.383285
20         Neutral_8      2.415703            0.913323   0.0             1.0              73  0.687734  0.225589  0.066477  0.020200      0.830836      1.000000      1.000000      1.000000
21     Cooperative_9      2.404608            0.797032   0.0             1.0              49  0.675091  0.121941  0.044075  0.158893      1.000000      0.131552      1.000000      0.476614
22        Neutral_14      2.397554            0.861235   0.0             1.0              55  0.725210  0.136025  0.020778  0.117986      1.000000      0.971596      1.000000      0.499833
23        Neutral_21      2.392372            0.782232  43.0             1.0              63  0.647275  0.134957  0.058221  0.159547      0.999160      0.000000      0.967954      0.498867
24        Neutral_24      2.390973            0.783153   0.0             1.0              66  0.647923  0.135230  0.057580  0.159268      1.000000      0.000000      1.000000      0.499722
25         Neutral_9      2.390959            0.783151   0.0             1.0              74  0.647912  0.135239  0.057595  0.159255      1.000000      0.000000      1.000000      0.499722
26        Neutral_12      2.390878            0.783137   0.0             1.0              53  0.647896  0.135241  0.057579  0.159284      1.000000      0.000000      1.000000      0.499737
27     Cooperative_6      2.390716            0.783106   0.0             1.0              46  0.647836  0.135270  0.057611  0.159283      1.000000      0.000000      1.000000      0.499712
28        Neutral_18      2.390716            0.783059   0.0             1.0              59  0.647762  0.135297  0.057616  0.159324      1.000000      0.000000      1.000000      0.499717
29     Cooperative_4      2.390696            0.783074   0.0             1.0              44  0.647791  0.135283  0.057606  0.159320      1.000000      0.000000      1.000000      0.499722
30    Cooperative_17      2.377770            0.732349   0.0             1.0              33  0.607176  0.125174  0.072149  0.195502      1.000000      0.000000      1.000000      0.332609
31    Cooperative_15      2.356372            0.833152   0.0             1.0              31  0.665745  0.167407  0.048073  0.118775      1.000000      0.168357      1.000000      1.000000
32     Cooperative_8      2.356324            0.833294   0.0             1.0              48  0.665916  0.167378  0.047962  0.118744      1.000000      0.148127      1.000000      1.000000
33    Cooperative_16      2.356169            0.754716   0.0             1.0              32  0.628062  0.126654  0.056677  0.188607      0.959371      0.000000      0.846925      0.529474
34     Aggressive_21      2.341392            0.628149   6.0             1.0              13  0.597649  0.030500  0.044149  0.327703      1.000000      0.000000      0.785317      0.000000
35        Neutral_17      2.333399            0.856311   0.0             1.0              58  0.696689  0.159623  0.024899  0.118790      1.000000      0.242212      1.000000      1.000000
36        Neutral_23      2.309243            0.812689   0.0             1.0              65  0.625257  0.187432  0.061527  0.125784      1.000000      0.000000      1.000000      1.000000
37        Neutral_20      2.309135            0.812689   0.0             1.0              62  0.625257  0.187432  0.061509  0.125802      1.000000      0.000000      1.000000      1.000000
38        Neutral_25      2.309135            0.812689   0.0             1.0              67  0.625257  0.187432  0.061509  0.125801      1.000000      0.000000      1.000000      1.000000
39    Cooperative_10      2.309081            0.812689   0.0             1.0              26  0.625257  0.187432  0.061518  0.125793      1.000000      0.000000      1.000000      1.000000
40    Cooperative_19      2.309081            0.812689   0.0             1.0              35  0.625257  0.187432  0.061488  0.125823      1.000000      0.000000      1.000000      1.000000
41        Neutral_19      2.309081            0.812689   0.0             1.0              60  0.625257  0.187432  0.061503  0.125808      1.000000      0.000000      1.000000      1.000000
42    Cooperative_13      2.309027            0.812689   0.0             1.0              29  0.625257  0.187432  0.061493  0.125818      1.000000      0.000000      1.000000      1.000000
43        Neutral_22      2.308973            0.812689   0.0             1.0              64  0.625257  0.187432  0.061470  0.125841      1.000000      0.000000      1.000000      1.000000
44         Neutral_2      2.299541            0.346456  53.0             1.0              61  0.082378  0.264078  0.349716  0.303828      0.443402      0.000000      0.963042      0.000000
45         Neutral_5      2.298027            0.643639  10.0             1.0              70  0.489351  0.154288  0.118403  0.237958      0.920499      0.492053      1.000000      0.331249
46     Cooperative_7      2.283351            0.377249  49.0             1.0              47  0.073843  0.303405  0.360115  0.262636      0.607271      0.405457      0.981184      0.390672
47    Cooperative_18      2.235419            0.776736   3.0             1.0              34  0.602054  0.174682  0.051508  0.171755      0.949094      0.000000      0.534046      1.000000
48    Cooperative_21      2.219919            0.403283  12.0             1.0              38  0.102572  0.300711  0.328866  0.267851      0.764049      0.278117      1.000000      0.000101
49     Aggressive_12      2.177054            0.460595  22.0             0.0               3  0.205919  0.254676  0.254973  0.284432      1.000000      0.000000      1.000000      0.000000
50      Aggressive_3      2.177054            0.460595  22.0             0.0              18  0.205919  0.254676  0.254973  0.284432      1.000000      0.000000      1.000000      0.000000
51     Aggressive_23      2.163014            0.542183  33.0             0.0              15  0.365141  0.177043  0.152453  0.305364      1.000000      0.112206      0.393694      0.403044
52         Neutral_4      2.161635            0.474506  44.0             1.0              69  0.100368  0.374138  0.333743  0.191751      0.560330      0.000000      1.000000      0.499738
53    Cooperative_12      2.077892            0.537899  42.0             1.0              28  0.106872  0.431026  0.323789  0.138313      0.719459      0.002073      1.000000      1.000000
54     Aggressive_10      2.014946            0.176351  59.0             0.0               1  0.175676  0.000676  0.166068  0.657581      1.000000      0.000000      0.408794      0.000000
55      Aggressive_4      1.991068            0.202758  60.0             0.0              19  0.191150  0.011608  0.155096  0.642146      0.999330      0.000000      0.131527      0.160604
56      Aggressive_9      1.976986            0.224952  51.0             1.0              24  0.075911  0.149041  0.243535  0.531513      0.000000      0.000000      0.269681      0.492246
57     Aggressive_16      1.961635            0.241055  51.0             0.0               7  0.061041  0.180014  0.254897  0.504048      0.000000      0.000000      0.503227      0.432419
58     Aggressive_22      1.958142            0.348333  46.0             0.0              14  0.119353  0.228980  0.235514  0.416153      0.746017      0.000000      0.396779      0.481703
59     Aggressive_19      1.953973            0.134230  45.0             1.0              10  0.128935  0.005295  0.175348  0.690422      0.869804      0.524242      0.350931      0.001183
60     Aggressive_20      1.933608            0.239929  52.0             0.0              12  0.078533  0.161396  0.234480  0.525591      0.503144      0.000000      0.151936      0.491183
61     Aggressive_24      1.924818            0.333317  43.5             0.0              16  0.089611  0.243705  0.247320  0.419364      0.169353      0.000000      0.379449      0.798534
62     Aggressive_13      1.914730            0.046459  55.0             0.0               4  0.019838  0.026622  0.225417  0.728124      1.000000      0.000000      0.296830      0.001342
63      Aggressive_2      1.914378            0.045581  64.0             0.0              11  0.019554  0.026027  0.225324  0.729095      1.000000      0.000000      0.296829      0.000000
64      Aggressive_8      1.914378            0.045581  64.0             0.0              23  0.019554  0.026027  0.225324  0.729095      1.000000      0.000000      0.296829      0.000000
65     Aggressive_18      1.914000            0.045716  63.0             0.0               9  0.019527  0.026189  0.225284  0.729000      0.997965      0.000000      0.212238      0.000000
66      Aggressive_5      1.863716            0.203347  57.0             0.0              20  0.202549  0.000797  0.114856  0.681797      1.000000      0.000000      0.000000      0.192736
67      Aggressive_1      1.837095            0.010081  55.0             1.0               0  0.008618  0.001464  0.205332  0.784586      0.450846      0.361974      0.223437      0.012504
68     Aggressive_15      1.795905            0.117162  64.0             0.0               6  0.006068  0.111095  0.223716  0.659122      1.000000      0.000000      0.490077      0.000000
69     Aggressive_25      1.795676            0.001284  60.0             0.0              17  0.000496  0.000788  0.198865  0.799851      0.623249      0.000000      0.167885      0.001323
70     Aggressive_17      1.789757            0.002676  64.0             0.0               8  0.002649  0.000027  0.196122  0.801203      0.997436      0.000000      0.113079      0.000000
71      Aggressive_7      1.772284            0.004703  64.0             0.0              22  0.004689  0.000014  0.190730  0.804568      0.000000      0.000000      0.385307      0.000000
72      Aggressive_6      1.772176            0.005716  64.0             0.0              21  0.005351  0.000365  0.190459  0.803824      0.657534      0.000000      0.224687      0.000000
73     Aggressive_14      1.766270            0.009392  64.0             0.0               5  0.006014  0.003378  0.189405  0.801203      0.997449      0.000000      0.278422      0.000000
74     Aggressive_11      1.765500            0.012068  43.0             0.0               2  0.007456  0.004611  0.188797  0.799135      0.999884      0.976679      0.280728      0.001324