Normalised cooperation:
column       Aggressive  Cooperative   Neutral
index                                         
Aggressive     0.252598     0.558827  0.457030
Cooperative    0.588944     0.998400  0.881979
Neutral        0.522731     0.885011  0.794842

Payoffs:
column       Aggressive  Cooperative   Neutral
index                                         
Aggressive     1.594498     2.319925  2.287435
Cooperative    2.169336     2.997171  2.872539
Neutral        1.958931     2.857379  2.745922

Results Summary:
                Name  Median_score  Cooperation_rating  Wins  Initial_C_rate  Original_index   CC_rate   CD_rate   DC_rate   DD_rate  CC_to_C_rate  CD_to_C_rate  DC_to_C_rate  DD_to_C_rate
Rank                                                                                                                                                                                        
0         Neutral_10      2.781378            0.849230  50.0             1.0              51  0.848689  0.000541  0.021135  0.129635      0.999044      0.753333      0.000000      0.000000
1      Cooperative_2      2.770986            0.892649  40.0             1.0              36  0.876311  0.016338  0.008676  0.098676      0.999089      0.766667      0.799399      0.000000
2      Cooperative_3      2.770338            0.893351  19.0             1.0              43  0.877014  0.016338  0.008162  0.098486      0.999211      0.749843      1.000000      0.000000
3      Cooperative_8      2.770297            0.893500  19.0             1.0              48  0.877014  0.016486  0.008189  0.098311      0.999211      0.720238      0.999399      0.000000
4         Neutral_14      2.769149            0.894324   0.0             1.0              55  0.877284  0.017041  0.007905  0.097770      1.000000      0.790476      1.000000      0.000000
5     Cooperative_25      2.761622            0.885649  54.0             1.0              42  0.869541  0.016108  0.009662  0.104689      0.999005      0.791667      0.662873      0.000000
6         Neutral_24      2.754284            0.863905  20.0             1.0              66  0.863108  0.000797  0.007216  0.128878      0.999202      0.473684      0.941295      0.000000
7      Cooperative_4      2.734905            0.869757  40.0             1.0              44  0.862419  0.007338  0.004351  0.125892      0.999060      0.479104      0.646824      0.000000
8     Cooperative_14      2.733041            0.871432   0.0             1.0              30  0.863365  0.008068  0.003595  0.124973      1.000000      0.613059      1.000000      0.000000
9      Cooperative_9      2.722304            0.915476  40.0             1.0              49  0.832730  0.082746  0.034480  0.050043      0.999086      0.003236      0.966250      0.962125
10     Aggressive_15      2.660811            0.786743  40.0             1.0               6  0.701095  0.085649  0.086068  0.127189      0.999075      0.000000      0.998409      0.000000
11     Cooperative_6      2.660811            0.786743  40.0             1.0              46  0.701095  0.085649  0.086068  0.127189      0.999075      0.000000      0.998409      0.000000
12    Cooperative_22      2.660770            0.786784  40.0             1.0              39  0.701095  0.085689  0.086068  0.127149      0.999075      0.000000      0.998409      0.600000
13     Aggressive_16      2.660311            0.787527  19.0             1.0               7  0.701622  0.085905  0.085743  0.126730      0.999249      0.000000      0.999588      0.000000
14      Aggressive_6      2.660311            0.787527  19.0             1.0              21  0.701622  0.085905  0.085743  0.126730      0.999249      0.000000      0.999588      0.000000
15      Aggressive_7      2.660311            0.787527  19.0             1.0              22  0.701622  0.085905  0.085743  0.126730      0.999249      0.000000      0.999588      0.000000
16    Cooperative_12      2.660311            0.787527  19.0             1.0              28  0.701622  0.085905  0.085743  0.126730      0.999249      0.000000      0.999588      0.000000
17    Cooperative_18      2.660311            0.787527  19.0             1.0              34  0.701622  0.085905  0.085743  0.126730      0.999249      0.000000      0.999588      0.000000
18    Cooperative_20      2.660311            0.787527  19.0             1.0              37  0.701622  0.085905  0.085743  0.126730      0.999249      0.000000      0.999588      0.000000
19    Cooperative_23      2.660311            0.787527  19.0             1.0              40  0.701622  0.085905  0.085743  0.126730      0.999249      0.000000      0.999588      0.000000
20    Cooperative_24      2.660311            0.787527  19.0             1.0              41  0.701622  0.085905  0.085743  0.126730      0.999249      0.000000      0.999588      0.000000
21     Cooperative_5      2.660311            0.787527  19.0             1.0              45  0.701622  0.085905  0.085743  0.126730      0.999249      0.000000      0.999588      0.000000
22        Neutral_25      2.660311            0.787527  19.0             1.0              67  0.701622  0.085905  0.085743  0.126730      0.999249      0.000000      0.999588      0.000000
23         Neutral_7      2.660311            0.787527  19.0             1.0              72  0.701622  0.085905  0.085743  0.126730      0.999249      0.000000      0.999588      0.000000
24         Neutral_9      2.660284            0.786027  50.0             1.0              74  0.700446  0.085581  0.086243  0.127730      0.999016      0.000000      0.939467      0.000000
25     Aggressive_18      2.659446            0.788095   0.0             1.0               9  0.701865  0.086230  0.085486  0.126419      1.000000      0.000000      1.000000      0.000000
26    Cooperative_10      2.659446            0.788095   0.0             1.0              26  0.701865  0.086230  0.085486  0.126419      1.000000      0.000000      1.000000      0.000000
27    Cooperative_13      2.659446            0.788095   0.0             1.0              29  0.701865  0.086230  0.085486  0.126419      1.000000      0.000000      1.000000      0.000000
28    Cooperative_16      2.659446            0.788095   0.0             1.0              32  0.701865  0.086230  0.085486  0.126419      1.000000      0.000000      1.000000      0.000000
29    Cooperative_17      2.659446            0.788095   0.0             1.0              33  0.701865  0.086230  0.085486  0.126419      1.000000      0.000000      1.000000      0.000000
30    Cooperative_19      2.659446            0.788095   0.0             1.0              35  0.701865  0.086230  0.085486  0.126419      1.000000      0.000000      1.000000      0.000000
31         Neutral_1      2.659446            0.788095   0.0             1.0              50  0.701865  0.086230  0.085486  0.126419      1.000000      0.000000      1.000000      0.000000
32         Neutral_2      2.659446            0.788095   0.0             1.0              61  0.701865  0.086230  0.085486  0.126419      1.000000      0.000000      1.000000      0.000000
33        Neutral_23      2.659446            0.788095   0.0             1.0              65  0.701865  0.086230  0.085486  0.126419      1.000000      0.000000      1.000000      0.000000
34         Neutral_3      2.659446            0.788095   0.0             1.0              68  0.701865  0.086230  0.085486  0.126419      1.000000      0.000000      1.000000      0.000000
35         Neutral_5      2.659446            0.788095   0.0             1.0              70  0.701865  0.086230  0.085486  0.126419      1.000000      0.000000      1.000000      0.000000
36      Aggressive_3      2.659000            0.788527   0.0             1.0              18  0.701878  0.086649  0.085473  0.126000      1.000000      0.422105      1.000000      0.241079
37     Aggressive_11      2.652203            0.822189   0.0             1.0               2  0.701878  0.120311  0.092189  0.085622      1.000000      0.380059      1.000000      0.480975
38         Neutral_6      2.644541            0.828635  50.0             1.0              71  0.700446  0.128189  0.092959  0.078405      0.999016      0.000000      0.942718      0.456981
39    Cooperative_15      2.644527            0.830176  19.0             1.0              31  0.701622  0.128554  0.092459  0.077365      0.999249      0.000000      0.999610      0.465766
40        Neutral_15      2.638351            0.871986  40.0             1.0              56  0.745932  0.126054  0.068135  0.059878      0.999087      0.000000      0.998569      0.966537
41     Cooperative_7      2.637824            0.805527  19.0             1.0              47  0.706108  0.099419  0.081257  0.113216      0.999207      0.000000      0.999764      0.999249
42     Cooperative_1      2.637622            0.872946  19.0             1.0              25  0.746514  0.126432  0.067757  0.059297      0.999195      0.000000      1.000000      1.000000
43        Neutral_20      2.637622            0.872946  19.0             1.0              62  0.746514  0.126432  0.067757  0.059297      0.999195      0.000000      1.000000      1.000000
44    Cooperative_11      2.636703            0.873568   0.0             1.0              27  0.746757  0.126811  0.067500  0.058932      1.000000      0.000000      1.000000      1.000000
45        Neutral_11      2.636703            0.873568   0.0             1.0              52  0.746757  0.126811  0.067500  0.058932      1.000000      0.000000      1.000000      1.000000
46        Neutral_12      2.636703            0.873568   0.0             1.0              53  0.746757  0.126811  0.067500  0.058932      1.000000      0.000000      1.000000      1.000000
47        Neutral_22      2.592324            0.997000  39.0             0.0              64  0.861216  0.135784  0.001419  0.001581      0.999104      0.977331      0.647059      0.804348
48     Aggressive_10      2.485527            0.675176  24.0             1.0               1  0.674703  0.000473  0.034149  0.290676      0.999219      0.000000      0.000000      0.000000
49     Aggressive_21      2.485527            0.675176  24.0             1.0              13  0.674703  0.000473  0.034149  0.290676      0.999219      0.000000      0.000000      0.000000
50    Cooperative_21      2.485527            0.675176  24.0             1.0              38  0.674703  0.000473  0.034149  0.290676      0.999219      0.000000      0.000000      0.000000
51     Aggressive_14      2.484703            0.675703   5.0             1.0               5  0.674946  0.000757  0.033892  0.290405      1.000000      0.000000      0.000000      0.000000
52        Neutral_17      2.441500            0.722527  41.0             0.0              58  0.714676  0.007851  0.005000  0.272473      0.993883      0.836257      0.603111      0.500609
53        Neutral_18      2.232824            0.628905  24.0             0.0              59  0.260000  0.368905  0.270432  0.100662      0.999397      0.000000      0.901730      0.999730
54         Neutral_4      2.223649            0.592155  36.0             0.0              69  0.186223  0.405932  0.314284  0.093561      0.999532      0.000000      0.998709      0.999071
55     Aggressive_13      2.215068            0.404595  31.0             0.0               4  0.134608  0.269986  0.303959  0.291446      0.999297      0.000000      0.965286      0.701265
56     Aggressive_17      2.145068            0.432534  37.0             0.0               8  0.154750  0.277784  0.278338  0.289128      0.999582      0.000000      0.998877      0.000000
57      Aggressive_2      2.145068            0.432534  37.0             0.0              11  0.154750  0.277784  0.278338  0.289128      0.999582      0.000000      0.998877      0.000000
58      Aggressive_8      2.145068            0.432534  37.0             0.0              23  0.154750  0.277784  0.278338  0.289128      0.999582      0.000000      0.998877      0.000000
59        Neutral_13      2.145068            0.432534  37.0             0.0              54  0.154750  0.277784  0.278338  0.289128      0.999582      0.000000      0.998877      0.000000
60        Neutral_16      2.145068            0.432534  37.0             0.0              57  0.154750  0.277784  0.278338  0.289128      0.999582      0.000000      0.998877      0.000000
61        Neutral_19      2.145068            0.432534  37.0             0.0              60  0.154750  0.277784  0.278338  0.289128      0.999582      0.000000      0.998877      0.000000
62        Neutral_21      2.145068            0.432534  37.0             0.0              63  0.154750  0.277784  0.278338  0.289128      0.999582      0.000000      0.998877      0.000000
63         Neutral_8      2.145068            0.432534  37.0             0.0              73  0.154750  0.277784  0.278338  0.289128      0.999582      0.000000      0.998877      0.000000
64     Aggressive_24      2.144514            0.433034   4.0             0.0              16  0.154804  0.278230  0.278284  0.288682      1.000000      0.000000      1.000000      0.000000
65     Aggressive_20      1.966277            0.353142  33.0             0.0              12  0.049473  0.303669  0.292750  0.354108      0.000000      0.000000      0.000000      0.992737
66     Aggressive_12      1.538743            0.101723  46.5             0.0               3  0.100966  0.000757  0.084392  0.813885      1.000000      0.000000      0.462585      0.000000
67      Aggressive_5      1.538392            0.106900  53.0             0.0              20  0.106237  0.000663  0.081645  0.811455      0.998989      0.000000      0.391955      0.000000
68     Aggressive_23      1.505764            0.035899  57.0             0.0              15  0.013446  0.022453  0.125331  0.838770      1.000000      0.000000      0.437531      0.000000
69     Aggressive_22      1.492446            0.224000  54.0             0.0              14  0.192473  0.031527  0.034757  0.741243      0.999129      0.000000      0.581578      0.631158
70      Aggressive_1      1.376189            0.000000  57.0             0.0               0  0.000000  0.000000  0.094047  0.905953      0.000000      0.000000      0.000000      0.000000
71     Aggressive_19      1.376189            0.000000  57.0             0.0              10  0.000000  0.000000  0.094047  0.905953      0.000000      0.000000      0.000000      0.000000
72      Aggressive_9      1.376189            0.000000  57.0             0.0              24  0.000000  0.000000  0.094047  0.905953      0.000000      0.000000      0.000000      0.000000
73     Aggressive_25      1.349736            0.013547  57.0             0.0              17  0.013446  0.000101  0.080736  0.905716      1.000000      0.000000      0.281375      0.000000
74      Aggressive_4      1.349351            0.013419  57.0             0.0              19  0.013419  0.000000  0.080628  0.905953      0.998993      0.000000      0.250000      0.000000