Normalised cooperation:
column       Aggressive  Cooperative   Neutral
index                                         
Aggressive     0.025379      0.29332  0.293301
Cooperative    0.293829      0.99972  0.999691
Neutral        0.293810      0.99976  0.999728

Payoffs:
column       Aggressive  Cooperative   Neutral
index                                         
Aggressive     1.072938     1.881995  1.881938
Cooperative    1.879451     2.999642  2.999813
Neutral        1.879394     2.999469  2.999622

Results Summary:
                Name  Median_score  Cooperation_rating  Wins  Initial_C_rate  Original_index   CC_rate   CD_rate   DC_rate   DD_rate  CC_to_C_rate  CD_to_C_rate  DC_to_C_rate  DD_to_C_rate
Rank                                                                                                                                                                                        
0     Cooperative_11      2.622135            0.760757  38.0             1.0              27  0.661486  0.099270  0.099608  0.139635      0.999019             0      0.999823      0.000000
1     Cooperative_13      2.622135            0.760757  38.0             1.0              29  0.661486  0.099270  0.099608  0.139635      0.999019             0      0.999823      0.000000
2     Cooperative_16      2.622135            0.760757  38.0             1.0              32  0.661486  0.099270  0.099608  0.139635      0.999019             0      0.999823      0.000000
3     Cooperative_18      2.622135            0.760757  38.0             1.0              34  0.661486  0.099270  0.099608  0.139635      0.999019             0      0.999823      0.000000
4      Cooperative_5      2.622135            0.760757  38.0             1.0              45  0.661486  0.099270  0.099608  0.139635      0.999019             0      0.999823      0.000000
5      Cooperative_7      2.622135            0.760757  38.0             1.0              47  0.661486  0.099270  0.099608  0.139635      0.999019             0      0.999823      0.000000
6      Cooperative_8      2.622135            0.760757  38.0             1.0              48  0.661486  0.099270  0.099608  0.139635      0.999019             0      0.999823      0.000000
7         Neutral_10      2.622135            0.760757  38.0             1.0              51  0.661486  0.099270  0.099608  0.139635      0.999019             0      0.999823      0.000000
8         Neutral_13      2.622135            0.760757  38.0             1.0              54  0.661486  0.099270  0.099608  0.139635      0.999019             0      0.999823      0.000000
9         Neutral_23      2.622135            0.760757  38.0             1.0              65  0.661486  0.099270  0.099608  0.139635      0.999019             0      0.999823      0.000000
10         Neutral_3      2.622135            0.760757  38.0             1.0              68  0.661486  0.099270  0.099608  0.139635      0.999019             0      0.999823      0.000000
11         Neutral_8      2.620986            0.759905  49.0             1.0              73  0.660838  0.099068  0.099595  0.140500      0.998998             0      0.998173      0.000000
12     Cooperative_1      2.620919            0.761419   0.0             1.0              25  0.661986  0.099432  0.099095  0.139486      1.000000             0      1.000000      0.000000
13    Cooperative_10      2.620919            0.761419   0.0             1.0              26  0.661986  0.099432  0.099095  0.139486      1.000000             0      1.000000      0.000000
14    Cooperative_12      2.620919            0.761419   0.0             1.0              28  0.661986  0.099432  0.099095  0.139486      1.000000             0      1.000000      0.000000
15    Cooperative_14      2.620919            0.761419   0.0             1.0              30  0.661986  0.099432  0.099095  0.139486      1.000000             0      1.000000      0.000000
16    Cooperative_15      2.620919            0.761419   0.0             1.0              31  0.661986  0.099432  0.099095  0.139486      1.000000             0      1.000000      0.000000
17    Cooperative_17      2.620919            0.761419   0.0             1.0              33  0.661986  0.099432  0.099095  0.139486      1.000000             0      1.000000      0.000000
18    Cooperative_19      2.620919            0.761419   0.0             1.0              35  0.661986  0.099432  0.099095  0.139486      1.000000             0      1.000000      0.000000
19     Cooperative_2      2.620919            0.761419   0.0             1.0              36  0.661986  0.099432  0.099095  0.139486      1.000000             0      1.000000      0.000000
20    Cooperative_20      2.620919            0.761419   0.0             1.0              37  0.661986  0.099432  0.099095  0.139486      1.000000             0      1.000000      0.000000
21    Cooperative_21      2.620919            0.761419   0.0             1.0              38  0.661986  0.099432  0.099095  0.139486      1.000000             0      1.000000      0.000000
22    Cooperative_22      2.620919            0.761419   0.0             1.0              39  0.661986  0.099432  0.099095  0.139486      1.000000             0      1.000000      0.000000
23    Cooperative_23      2.620919            0.761419   0.0             1.0              40  0.661986  0.099432  0.099095  0.139486      1.000000             0      1.000000      0.000000
24    Cooperative_24      2.620919            0.761419   0.0             1.0              41  0.661986  0.099432  0.099095  0.139486      1.000000             0      1.000000      0.000000
25    Cooperative_25      2.620919            0.761419   0.0             1.0              42  0.661986  0.099432  0.099095  0.139486      1.000000             0      1.000000      0.000000
26     Cooperative_3      2.620919            0.761419   0.0             1.0              43  0.661986  0.099432  0.099095  0.139486      1.000000             0      1.000000      0.000000
27     Cooperative_4      2.620919            0.761419   0.0             1.0              44  0.661986  0.099432  0.099095  0.139486      1.000000             0      1.000000      0.000000
28     Cooperative_6      2.620919            0.761419   0.0             1.0              46  0.661986  0.099432  0.099095  0.139486      1.000000             0      1.000000      0.000000
29     Cooperative_9      2.620919            0.761419   0.0             1.0              49  0.661986  0.099432  0.099095  0.139486      1.000000             0      1.000000      0.000000
30         Neutral_1      2.620919            0.761419   0.0             1.0              50  0.661986  0.099432  0.099095  0.139486      1.000000             0      1.000000      0.000000
31        Neutral_11      2.620919            0.761419   0.0             1.0              52  0.661986  0.099432  0.099095  0.139486      1.000000             0      1.000000      0.000000
32        Neutral_12      2.620919            0.761419   0.0             1.0              53  0.661986  0.099432  0.099095  0.139486      1.000000             0      1.000000      0.000000
33        Neutral_14      2.620919            0.761419   0.0             1.0              55  0.661986  0.099432  0.099095  0.139486      1.000000             0      1.000000      0.000000
34        Neutral_15      2.620919            0.761419   0.0             1.0              56  0.661986  0.099432  0.099095  0.139486      1.000000             0      1.000000      0.000000
35        Neutral_16      2.620919            0.761419   0.0             1.0              57  0.661986  0.099432  0.099095  0.139486      1.000000             0      1.000000      0.000000
36        Neutral_17      2.620919            0.761419   0.0             1.0              58  0.661986  0.099432  0.099095  0.139486      1.000000             0      1.000000      0.000000
37        Neutral_18      2.620919            0.761419   0.0             1.0              59  0.661986  0.099432  0.099095  0.139486      1.000000             0      1.000000      0.000000
38        Neutral_19      2.620919            0.761419   0.0             1.0              60  0.661986  0.099432  0.099095  0.139486      1.000000             0      1.000000      0.000000
39         Neutral_2      2.620919            0.761419   0.0             1.0              61  0.661986  0.099432  0.099095  0.139486      1.000000             0      1.000000      0.000000
40        Neutral_20      2.620919            0.761419   0.0             1.0              62  0.661986  0.099432  0.099095  0.139486      1.000000             0      1.000000      0.000000
41        Neutral_21      2.620919            0.761419   0.0             1.0              63  0.661986  0.099432  0.099095  0.139486      1.000000             0      1.000000      0.000000
42        Neutral_22      2.620919            0.761419   0.0             1.0              64  0.661986  0.099432  0.099095  0.139486      1.000000             0      1.000000      0.000000
43        Neutral_24      2.620919            0.761419   0.0             1.0              66  0.661986  0.099432  0.099095  0.139486      1.000000             0      1.000000      0.000000
44        Neutral_25      2.620919            0.761419   0.0             1.0              67  0.661986  0.099432  0.099095  0.139486      1.000000             0      1.000000      0.000000
45         Neutral_4      2.620919            0.761419   0.0             1.0              69  0.661986  0.099432  0.099095  0.139486      1.000000             0      1.000000      0.000000
46         Neutral_5      2.620919            0.761419   0.0             1.0              70  0.661986  0.099432  0.099095  0.139486      1.000000             0      1.000000      0.000000
47         Neutral_6      2.620919            0.761419   0.0             1.0              71  0.661986  0.099432  0.099095  0.139486      1.000000             0      1.000000      0.000000
48         Neutral_7      2.620919            0.761419   0.0             1.0              72  0.661986  0.099432  0.099095  0.139486      1.000000             0      1.000000      0.000000
49         Neutral_9      2.620919            0.761419   0.0             1.0              74  0.661986  0.099432  0.099095  0.139486      1.000000             0      1.000000      0.000000
50     Aggressive_16      2.027676            0.341676  49.0             0.0               7  0.000000  0.341676  0.342338  0.315986      0.000000             0      0.998115      0.000000
51     Aggressive_18      2.027676            0.341676  49.0             0.0               9  0.000000  0.341676  0.342338  0.315986      0.000000             0      0.998115      0.000000
52      Aggressive_1      2.027014            0.342338   0.0             0.0               0  0.000000  0.342338  0.342338  0.315324      0.000000             0      1.000000      0.000000
53     Aggressive_10      2.027014            0.342338   0.0             0.0               1  0.000000  0.342338  0.342338  0.315324      0.000000             0      1.000000      0.000000
54     Aggressive_14      2.027014            0.342338   0.0             0.0               5  0.000000  0.342338  0.342338  0.315324      0.000000             0      1.000000      0.000000
55     Aggressive_19      2.027014            0.342338   0.0             0.0              10  0.000000  0.342338  0.342338  0.315324      0.000000             0      1.000000      0.000000
56      Aggressive_2      2.027014            0.342338   0.0             0.0              11  0.000000  0.342338  0.342338  0.315324      0.000000             0      1.000000      0.000000
57     Aggressive_20      2.027014            0.342338   0.0             0.0              12  0.000000  0.342338  0.342338  0.315324      0.000000             0      1.000000      0.000000
58     Aggressive_23      2.027014            0.342338   0.0             0.0              15  0.000000  0.342338  0.342338  0.315324      0.000000             0      1.000000      0.000000
59     Aggressive_24      2.027014            0.342338   0.0             0.0              16  0.000000  0.342338  0.342338  0.315324      0.000000             0      1.000000      0.000000
60      Aggressive_4      2.027014            0.342338   0.0             0.0              19  0.000000  0.342338  0.342338  0.315324      0.000000             0      1.000000      0.000000
61      Aggressive_5      2.027014            0.342338   0.0             0.0              20  0.000000  0.342338  0.342338  0.315324      0.000000             0      1.000000      0.000000
62      Aggressive_6      2.027014            0.342338   0.0             0.0              21  0.000000  0.342338  0.342338  0.315324      0.000000             0      1.000000      0.000000
63      Aggressive_8      2.027014            0.342338   0.0             0.0              23  0.000000  0.342338  0.342338  0.315324      0.000000             0      1.000000      0.000000
64     Aggressive_11      1.818824            0.355554  38.0             0.0               2  0.006757  0.348797  0.288527  0.355919      0.000000             0      0.000000      1.000000
65     Aggressive_25      1.031730            0.000703  51.0             0.0              17  0.000000  0.000703  0.008108  0.991189      0.000000             0      0.500039      0.000000
66     Aggressive_12      1.029784            0.000000  52.0             0.0               3  0.000000  0.000000  0.007446  0.992554      0.000000             0      0.000000      0.000000
67     Aggressive_13      1.029784            0.000000  52.0             0.0               4  0.000000  0.000000  0.007446  0.992554      0.000000             0      0.000000      0.000000
68     Aggressive_15      1.029784            0.000000  52.0             0.0               6  0.000000  0.000000  0.007446  0.992554      0.000000             0      0.000000      0.000000
69     Aggressive_17      1.029784            0.000000  52.0             0.0               8  0.000000  0.000000  0.007446  0.992554      0.000000             0      0.000000      0.000000
70     Aggressive_21      1.029784            0.000000  52.0             0.0              13  0.000000  0.000000  0.007446  0.992554      0.000000             0      0.000000      0.000000
71     Aggressive_22      1.029784            0.000000  52.0             0.0              14  0.000000  0.000000  0.007446  0.992554      0.000000             0      0.000000      0.000000
72      Aggressive_3      1.029784            0.000000  52.0             0.0              18  0.000000  0.000000  0.007446  0.992554      0.000000             0      0.000000      0.000000
73      Aggressive_7      1.029784            0.000000  52.0             0.0              22  0.000000  0.000000  0.007446  0.992554      0.000000             0      0.000000      0.000000
74      Aggressive_9      1.018743            0.007743  50.0             0.0              24  0.006757  0.000986  0.001554  0.990703      0.000000             0      0.000000      0.014504