Normalised cooperation:
column       Aggressive  Cooperative   Neutral
index                                         
Aggressive     0.030579     0.171262  0.115290
Cooperative    0.187998     0.922434  0.634635
Neutral        0.115707     0.628848  0.432144

Payoffs:
column       Aggressive  Cooperative   Neutral
index                                         
Aggressive     1.066123     1.427110  1.251522
Cooperative    1.343430     2.845904  2.304861
Neutral        1.249434     2.333797  1.936478

Results Summary:
                Name  Median_score  Cooperation_rating  Wins  Initial_C_rate  Original_index   CC_rate   CD_rate   DC_rate   DD_rate  CC_to_C_rate  CD_to_C_rate  DC_to_C_rate  DD_to_C_rate
Rank                                                                                                                                                                                        
0     Cooperative_17      2.216851            0.594446  38.0             1.0              33  0.567027  0.027419  0.027554  0.378000      0.999044             0      1.000000           0.0
1     Cooperative_20      2.216851            0.594446  38.0             1.0              37  0.567027  0.027419  0.027554  0.378000      0.999044             0      1.000000           0.0
2     Cooperative_22      2.216851            0.594446  38.0             1.0              39  0.567027  0.027419  0.027554  0.378000      0.999044             0      1.000000           0.0
3      Cooperative_3      2.216851            0.594446  38.0             1.0              43  0.567027  0.027419  0.027554  0.378000      0.999044             0      1.000000           0.0
4          Neutral_3      2.216851            0.594446  38.0             1.0              68  0.567027  0.027419  0.027554  0.378000      0.999044             0      1.000000           0.0
5      Aggressive_17      2.215730            0.595014   0.0             1.0               8  0.567527  0.027486  0.027041  0.377946      1.000000             0      1.000000           0.0
6       Aggressive_3      2.215730            0.595014   0.0             1.0              18  0.567527  0.027486  0.027041  0.377946      1.000000             0      1.000000           0.0
7       Aggressive_6      2.215730            0.595014   0.0             1.0              21  0.567527  0.027486  0.027041  0.377946      1.000000             0      1.000000           0.0
8     Cooperative_10      2.215730            0.595014   0.0             1.0              26  0.567527  0.027486  0.027041  0.377946      1.000000             0      1.000000           0.0
9     Cooperative_11      2.215730            0.595014   0.0             1.0              27  0.567527  0.027486  0.027041  0.377946      1.000000             0      1.000000           0.0
10    Cooperative_12      2.215730            0.595014   0.0             1.0              28  0.567527  0.027486  0.027041  0.377946      1.000000             0      1.000000           0.0
11    Cooperative_13      2.215730            0.595014   0.0             1.0              29  0.567527  0.027486  0.027041  0.377946      1.000000             0      1.000000           0.0
12    Cooperative_14      2.215730            0.595014   0.0             1.0              30  0.567527  0.027486  0.027041  0.377946      1.000000             0      1.000000           0.0
13    Cooperative_15      2.215730            0.595014   0.0             1.0              31  0.567527  0.027486  0.027041  0.377946      1.000000             0      1.000000           0.0
14    Cooperative_18      2.215730            0.595014   0.0             1.0              34  0.567527  0.027486  0.027041  0.377946      1.000000             0      1.000000           0.0
15    Cooperative_19      2.215730            0.595014   0.0             1.0              35  0.567527  0.027486  0.027041  0.377946      1.000000             0      1.000000           0.0
16    Cooperative_21      2.215730            0.595014   0.0             1.0              38  0.567527  0.027486  0.027041  0.377946      1.000000             0      1.000000           0.0
17    Cooperative_23      2.215730            0.595014   0.0             1.0              40  0.567527  0.027486  0.027041  0.377946      1.000000             0      1.000000           0.0
18    Cooperative_24      2.215730            0.595014   0.0             1.0              41  0.567527  0.027486  0.027041  0.377946      1.000000             0      1.000000           0.0
19    Cooperative_25      2.215730            0.595014   0.0             1.0              42  0.567527  0.027486  0.027041  0.377946      1.000000             0      1.000000           0.0
20     Cooperative_4      2.215730            0.595014   0.0             1.0              44  0.567527  0.027486  0.027041  0.377946      1.000000             0      1.000000           0.0
21     Cooperative_5      2.215730            0.595014   0.0             1.0              45  0.567527  0.027486  0.027041  0.377946      1.000000             0      1.000000           0.0
22     Cooperative_6      2.215730            0.595014   0.0             1.0              46  0.567527  0.027486  0.027041  0.377946      1.000000             0      1.000000           0.0
23     Cooperative_7      2.215730            0.595014   0.0             1.0              47  0.567527  0.027486  0.027041  0.377946      1.000000             0      1.000000           0.0
24     Cooperative_9      2.215730            0.595014   0.0             1.0              49  0.567527  0.027486  0.027041  0.377946      1.000000             0      1.000000           0.0
25        Neutral_10      2.215730            0.595014   0.0             1.0              51  0.567527  0.027486  0.027041  0.377946      1.000000             0      1.000000           0.0
26        Neutral_11      2.215730            0.595014   0.0             1.0              52  0.567527  0.027486  0.027041  0.377946      1.000000             0      1.000000           0.0
27        Neutral_13      2.215730            0.595014   0.0             1.0              54  0.567527  0.027486  0.027041  0.377946      1.000000             0      1.000000           0.0
28        Neutral_15      2.215730            0.595014   0.0             1.0              56  0.567527  0.027486  0.027041  0.377946      1.000000             0      1.000000           0.0
29        Neutral_17      2.215730            0.595014   0.0             1.0              58  0.567527  0.027486  0.027041  0.377946      1.000000             0      1.000000           0.0
30        Neutral_18      2.215730            0.595014   0.0             1.0              59  0.567527  0.027486  0.027041  0.377946      1.000000             0      1.000000           0.0
31         Neutral_2      2.215730            0.595014   0.0             1.0              61  0.567527  0.027486  0.027041  0.377946      1.000000             0      1.000000           0.0
32        Neutral_21      2.215730            0.595014   0.0             1.0              63  0.567527  0.027486  0.027041  0.377946      1.000000             0      1.000000           0.0
33        Neutral_23      2.215730            0.595014   0.0             1.0              65  0.567527  0.027486  0.027041  0.377946      1.000000             0      1.000000           0.0
34        Neutral_24      2.215730            0.595014   0.0             1.0              66  0.567527  0.027486  0.027041  0.377946      1.000000             0      1.000000           0.0
35        Neutral_25      2.215730            0.595014   0.0             1.0              67  0.567527  0.027486  0.027041  0.377946      1.000000             0      1.000000           0.0
36         Neutral_4      2.215730            0.595014   0.0             1.0              69  0.567527  0.027486  0.027041  0.377946      1.000000             0      1.000000           0.0
37         Neutral_5      2.215730            0.595014   0.0             1.0              70  0.567527  0.027486  0.027041  0.377946      1.000000             0      1.000000           0.0
38         Neutral_7      2.215730            0.595014   0.0             1.0              72  0.567527  0.027486  0.027041  0.377946      1.000000             0      1.000000           0.0
39     Aggressive_22      2.134824            0.568027   0.0             1.0              14  0.567527  0.000500  0.000068  0.431905      1.000000             0      0.000000           0.0
40     Cooperative_1      2.134824            0.568027   0.0             1.0              25  0.567527  0.000500  0.000068  0.431905      1.000000             0      0.000000           0.0
41     Cooperative_8      2.134824            0.568027   0.0             1.0              48  0.567527  0.000500  0.000068  0.431905      1.000000             0      0.000000           0.0
42     Cooperative_2      2.026932            0.783811   0.0             1.0              36  0.567527  0.216284  0.027041  0.189149      1.000000             0      1.000000           1.0
43      Aggressive_7      1.811014            0.270338   0.0             0.0              22  0.000000  0.270338  0.270338  0.459324      0.000000             0      1.000000           0.0
44         Neutral_1      1.811014            0.270338   0.0             0.0              50  0.000000  0.270338  0.270338  0.459324      0.000000             0      1.000000           0.0
45        Neutral_22      1.811014            0.270338   0.0             0.0              64  0.000000  0.270338  0.270338  0.459324      0.000000             0      1.000000           0.0
46         Neutral_9      1.811014            0.270338   0.0             0.0              74  0.000000  0.270338  0.270338  0.459324      0.000000             0      1.000000           0.0
47    Cooperative_16      1.031824            0.001581  40.0             1.0              32  0.000595  0.000986  0.007905  0.990514      0.000000             0      0.523302           0.0
48     Aggressive_16      1.030297            0.001000  43.0             1.0               7  0.000595  0.000405  0.007378  0.991622      0.000000             0      0.000000           0.0
49      Aggressive_1      1.029405            0.000000  45.0             0.0               0  0.000000  0.000000  0.007351  0.992649      0.000000             0      0.000000           0.0
50     Aggressive_10      1.029405            0.000000  45.0             0.0               1  0.000000  0.000000  0.007351  0.992649      0.000000             0      0.000000           0.0
51     Aggressive_11      1.029405            0.000000  45.0             0.0               2  0.000000  0.000000  0.007351  0.992649      0.000000             0      0.000000           0.0
52     Aggressive_12      1.029405            0.000000  45.0             0.0               3  0.000000  0.000000  0.007351  0.992649      0.000000             0      0.000000           0.0
53     Aggressive_13      1.029405            0.000000  45.0             0.0               4  0.000000  0.000000  0.007351  0.992649      0.000000             0      0.000000           0.0
54     Aggressive_14      1.029405            0.000000  45.0             0.0               5  0.000000  0.000000  0.007351  0.992649      0.000000             0      0.000000           0.0
55     Aggressive_15      1.029405            0.000000  45.0             0.0               6  0.000000  0.000000  0.007351  0.992649      0.000000             0      0.000000           0.0
56     Aggressive_18      1.029405            0.000000  45.0             0.0               9  0.000000  0.000000  0.007351  0.992649      0.000000             0      0.000000           0.0
57     Aggressive_19      1.029405            0.000000  45.0             0.0              10  0.000000  0.000000  0.007351  0.992649      0.000000             0      0.000000           0.0
58      Aggressive_2      1.029405            0.000000  45.0             0.0              11  0.000000  0.000000  0.007351  0.992649      0.000000             0      0.000000           0.0
59     Aggressive_20      1.029405            0.000000  45.0             0.0              12  0.000000  0.000000  0.007351  0.992649      0.000000             0      0.000000           0.0
60     Aggressive_21      1.029405            0.000000  45.0             0.0              13  0.000000  0.000000  0.007351  0.992649      0.000000             0      0.000000           0.0
61     Aggressive_23      1.029405            0.000000  45.0             0.0              15  0.000000  0.000000  0.007351  0.992649      0.000000             0      0.000000           0.0
62     Aggressive_24      1.029405            0.000000  45.0             0.0              16  0.000000  0.000000  0.007351  0.992649      0.000000             0      0.000000           0.0
63     Aggressive_25      1.029405            0.000000  45.0             0.0              17  0.000000  0.000000  0.007351  0.992649      0.000000             0      0.000000           0.0
64      Aggressive_4      1.029405            0.000000  45.0             0.0              19  0.000000  0.000000  0.007351  0.992649      0.000000             0      0.000000           0.0
65      Aggressive_5      1.029405            0.000000  45.0             0.0              20  0.000000  0.000000  0.007351  0.992649      0.000000             0      0.000000           0.0
66      Aggressive_8      1.029405            0.000000  45.0             0.0              23  0.000000  0.000000  0.007351  0.992649      0.000000             0      0.000000           0.0
67      Aggressive_9      1.029405            0.000000  45.0             0.0              24  0.000000  0.000000  0.007351  0.992649      0.000000             0      0.000000           0.0
68        Neutral_12      1.029405            0.000000  45.0             0.0              53  0.000000  0.000000  0.007351  0.992649      0.000000             0      0.000000           0.0
69        Neutral_14      1.029405            0.000000  45.0             0.0              55  0.000000  0.000000  0.007351  0.992649      0.000000             0      0.000000           0.0
70        Neutral_16      1.029405            0.000000  45.0             0.0              57  0.000000  0.000000  0.007351  0.992649      0.000000             0      0.000000           0.0
71        Neutral_19      1.029405            0.000000  45.0             0.0              60  0.000000  0.000000  0.007351  0.992649      0.000000             0      0.000000           0.0
72        Neutral_20      1.029405            0.000000  45.0             0.0              62  0.000000  0.000000  0.007351  0.992649      0.000000             0      0.000000           0.0
73         Neutral_6      1.029405            0.000000  45.0             0.0              71  0.000000  0.000000  0.007351  0.992649      0.000000             0      0.000000           0.0
74         Neutral_8      1.029405            0.000000  45.0             0.0              73  0.000000  0.000000  0.007351  0.992649      0.000000             0      0.000000           0.0