Normalised cooperation:
column       Aggressive  Cooperative   Neutral
index                                         
Aggressive     0.106030     0.118347  0.118170
Cooperative    0.195403     0.501477  0.489628
Neutral        0.191864     0.486353  0.473390

Payoffs:
column       Aggressive  Cooperative   Neutral
index                                         
Aggressive     1.306533     1.635347  1.621881
Cooperative    1.250066     2.252892  2.212214
Neutral        1.253409     2.228591  2.186353

Results Summary:
                Name  Median_score  Cooperation_rating  Wins  Initial_C_rate  Original_index   CC_rate   CD_rate   DC_rate   DD_rate  CC_to_C_rate  CD_to_C_rate  DC_to_C_rate  DD_to_C_rate
Rank                                                                                                                                                                                        
0         Neutral_22      1.904365            0.395081  23.5        0.905405              64  0.174418  0.220664  0.193622  0.411297      0.899852      0.100059      0.900506      0.100740
1     Cooperative_16      1.903818            0.394527  22.0        0.892568              32  0.173393  0.221134  0.193991  0.411482      0.901683      0.099918      0.901183      0.099484
2         Neutral_15      1.903696            0.394728  22.5        0.895946              56  0.173183  0.221545  0.194618  0.410654      0.898247      0.100048      0.899845      0.100703
3     Cooperative_21      1.903486            0.395024  24.0        0.887838              38  0.174617  0.220407  0.193464  0.411511      0.901551      0.100079      0.899710      0.099938
4         Neutral_10      1.902932            0.395089  23.5        0.899324              51  0.174037  0.221052  0.193989  0.410922      0.898851      0.100295      0.899851      0.100410
5          Neutral_1      1.902838            0.395013  24.0        0.891892              50  0.173885  0.221128  0.193961  0.411026      0.899672      0.100574      0.900535      0.100037
6          Neutral_9      1.902608            0.395016  21.0        0.902027              74  0.175057  0.219959  0.192851  0.412133      0.901691      0.100121      0.898326      0.100543
7          Neutral_7      1.902297            0.395657  23.0        0.901351              72  0.174844  0.220814  0.193529  0.410814      0.900815      0.099851      0.900847      0.100797
8     Cooperative_14      1.902182            0.394063  23.5        0.909459              30  0.173226  0.220836  0.193836  0.412101      0.900676      0.099414      0.899436      0.099748
9          Neutral_4      1.902176            0.394366  23.5        0.887838              69  0.173605  0.220761  0.193791  0.411843      0.899368      0.099729      0.900797      0.099614
10        Neutral_18      1.901953            0.394397  22.5        0.889189              59  0.174024  0.220374  0.193370  0.412232      0.898503      0.099640      0.900653      0.100161
11         Neutral_6      1.901845            0.393918  25.0        0.920946              71  0.172890  0.221028  0.194089  0.411993      0.901354      0.098796      0.899448      0.100342
12    Cooperative_12      1.901622            0.394345  21.5        0.895270              28  0.173649  0.220697  0.193497  0.412158      0.900740      0.100642      0.900168      0.099462
13     Cooperative_4      1.901520            0.394441  23.0        0.912162              44  0.173885  0.220556  0.193463  0.412096      0.898608      0.099602      0.900193      0.100178
14        Neutral_12      1.901520            0.394460  22.5        0.912838              53  0.174043  0.220418  0.193397  0.412143      0.899327      0.100738      0.899792      0.099985
15        Neutral_25      1.901507            0.395426  23.0        0.902703              67  0.174220  0.221205  0.193695  0.410879      0.899692      0.100218      0.901333      0.101111
16         Neutral_2      1.901493            0.394095  23.5        0.889865              61  0.173144  0.220951  0.193705  0.412199      0.898971      0.100456      0.899669      0.100447
17        Neutral_23      1.901392            0.394737  25.0        0.908784              65  0.174640  0.220097  0.193228  0.412034      0.898234      0.100144      0.900421      0.099941
18     Cooperative_8      1.901351            0.394705  24.0        0.905405              48  0.174070  0.220636  0.193733  0.411561      0.900976      0.099158      0.900846      0.099610
19         Neutral_5      1.901189            0.394309  23.0        0.893243              70  0.172851  0.221458  0.194155  0.411536      0.898338      0.099932      0.899696      0.100784
20         Neutral_8      1.901169            0.394087  23.0        0.902027              73  0.173836  0.220251  0.193391  0.412522      0.900311      0.100068      0.899993      0.099997
21    Cooperative_24      1.901074            0.394827  23.0        0.906757              41  0.174029  0.220798  0.193832  0.411341      0.898772      0.100145      0.900115      0.099932
22     Cooperative_1      1.900959            0.394157  23.0        0.902703              25  0.172909  0.221248  0.193943  0.411900      0.902081      0.099824      0.899496      0.100359
23    Cooperative_11      1.900905            0.394117  23.5        0.886486              27  0.173326  0.220791  0.193523  0.412360      0.902598      0.099502      0.900157      0.100535
24    Cooperative_25      1.900858            0.393184  23.0        0.909459              42  0.172270  0.220914  0.194193  0.412624      0.899380      0.099097      0.899249      0.099574
25    Cooperative_13      1.900581            0.394182  23.5        0.896622              29  0.173488  0.220694  0.193699  0.412120      0.898004      0.099995      0.901145      0.099973
26     Cooperative_2      1.900514            0.393973  24.0        0.904730              36  0.172998  0.220975  0.193758  0.412269      0.899582      0.099459      0.900962      0.099729
27    Cooperative_20      1.900385            0.394138  24.0        0.907432              37  0.173047  0.221091  0.193814  0.412049      0.898081      0.100403      0.899942      0.100425
28     Cooperative_5      1.900345            0.394107  23.0        0.901351              45  0.173060  0.221047  0.193968  0.411925      0.899122      0.100086      0.900616      0.099587
29     Aggressive_14      1.900155            0.392622  25.0        0.106081               5  0.171649  0.220972  0.194380  0.412998      0.900121      0.099797      0.899187      0.100443
30    Cooperative_22      1.900081            0.393956  22.0        0.907432              39  0.173651  0.220305  0.193281  0.412763      0.898927      0.100068      0.900368      0.100199
31     Cooperative_6      1.899831            0.393743  23.5        0.911486              46  0.173270  0.220473  0.193179  0.413078      0.897807      0.099896      0.900032      0.099559
32        Neutral_21      1.899818            0.393967  23.0        0.906757              63  0.173999  0.219968  0.192666  0.413368      0.898983      0.100800      0.901551      0.099185
33    Cooperative_15      1.899689            0.394200  22.5        0.902703              31  0.173346  0.220854  0.193721  0.412079      0.900644      0.098907      0.900132      0.100287
34    Cooperative_17      1.899527            0.393858  23.5        0.906081              33  0.173086  0.220772  0.193422  0.412720      0.901215      0.100593      0.899686      0.100121
35        Neutral_20      1.899365            0.393947  23.0        0.887162              62  0.173126  0.220820  0.193625  0.412428      0.900899      0.100807      0.900188      0.100050
36         Neutral_3      1.899264            0.394103  21.5        0.881081              68  0.173687  0.220416  0.193243  0.412653      0.901477      0.100789      0.900297      0.099713
37    Cooperative_18      1.899061            0.393703  22.0        0.909459              34  0.172912  0.220791  0.193718  0.412579      0.898878      0.100030      0.900018      0.099274
38        Neutral_16      1.899041            0.394461  23.0        0.906757              57  0.173597  0.220864  0.193544  0.411995      0.900655      0.099553      0.900476      0.099986
39    Cooperative_10      1.898926            0.393682  24.0        0.895946              26  0.173341  0.220341  0.193352  0.412966      0.899455      0.100291      0.898493      0.100122
40        Neutral_13      1.898034            0.393952  23.0        0.899324              54  0.173534  0.220418  0.193149  0.412899      0.898968      0.100073      0.900225      0.100292
41     Cooperative_3      1.897939            0.393959  23.0        0.907432              43  0.172782  0.221176  0.193791  0.412251      0.900500      0.099466      0.899476      0.100859
42        Neutral_14      1.897932            0.393355  23.5        0.901351              55  0.172961  0.220393  0.193234  0.413411      0.899852      0.100386      0.900142      0.099683
43     Cooperative_9      1.897885            0.393830  20.0        0.901351              49  0.173267  0.220563  0.193146  0.413024      0.898811      0.100075      0.900838      0.100680
44        Neutral_17      1.897743            0.391865  25.0        0.102027              58  0.171180  0.220684  0.194255  0.413880      0.899959      0.100019      0.899318      0.099871
45     Cooperative_7      1.897622            0.394278  23.0        0.900000              47  0.173401  0.220878  0.193345  0.412376      0.899665      0.100508      0.900654      0.100651
46        Neutral_11      1.897128            0.393341  22.5        0.898649              52  0.172456  0.220884  0.193700  0.412959      0.902411      0.099524      0.899803      0.100467
47        Neutral_19      1.896899            0.393796  24.0        0.906081              60  0.173491  0.220305  0.193072  0.413132      0.900965      0.100101      0.900476      0.099635
48    Cooperative_19      1.896743            0.394236  23.5        0.908108              35  0.173499  0.220736  0.193738  0.412026      0.897032      0.100362      0.899585      0.100499
49    Cooperative_23      1.895628            0.392179  23.0        0.910135              40  0.171420  0.220759  0.193591  0.414230      0.899320      0.099761      0.900297      0.099496
50      Aggressive_5      1.548412            0.151189  50.0        0.094595              20  0.023240  0.127949  0.157516  0.691295      0.096988      0.099125      0.099031      0.174575
51     Aggressive_23      1.514061            0.105384  61.5        0.091216              15  0.018541  0.086843  0.141176  0.753440      0.215586      0.101353      0.119079      0.099696
52     Aggressive_12      1.512939            0.105029  62.0        0.097973               3  0.018575  0.086454  0.140779  0.754192      0.222580      0.100558      0.117042      0.099359
53     Aggressive_16      1.507709            0.100327  62.5        0.092568               7  0.015644  0.084683  0.140076  0.759597      0.104435      0.100263      0.102511      0.099806
54     Aggressive_17      1.506966            0.100078  61.5        0.105405               8  0.015480  0.084597  0.139904  0.760018      0.096579      0.100494      0.100528      0.100080
55      Aggressive_3      1.506777            0.099953  63.0        0.095946              18  0.015607  0.084345  0.139966  0.760081      0.100584      0.099555      0.099098      0.100135
56     Aggressive_10      1.506574            0.100170  62.0        0.083784               1  0.015564  0.084606  0.139953  0.759877      0.100977      0.099155      0.099541      0.100347
57      Aggressive_1      1.506331            0.100257  62.0        0.098649               0  0.015534  0.084722  0.140257  0.759486      0.103059      0.099788      0.099824      0.100271
58     Aggressive_24      1.506135            0.099386  63.0        0.100676              16  0.015461  0.083924  0.139953  0.760661      0.099028      0.099528      0.099214      0.099381
59     Aggressive_13      1.505912            0.099439  61.5        0.089189               4  0.015489  0.083950  0.139534  0.761028      0.098258      0.100196      0.097664      0.099694
60     Aggressive_15      1.505878            0.099873  62.0        0.119595               6  0.015464  0.084409  0.139897  0.760230      0.095742      0.100010      0.099363      0.100030
61      Aggressive_7      1.505878            0.099961  62.0        0.104054              22  0.015505  0.084457  0.139691  0.760347      0.098781      0.101509      0.100184      0.099825
62     Aggressive_19      1.505865            0.099994  62.0        0.109459              10  0.015648  0.084346  0.139888  0.760118      0.093565      0.103281      0.100259      0.099709
63     Aggressive_20      1.505730            0.100194  61.5        0.110135              12  0.015645  0.084549  0.139598  0.760208      0.102392      0.101032      0.099777      0.100169
64        Neutral_24      1.505304            0.099618  63.0        0.092568              66  0.015459  0.084159  0.139982  0.760400      0.099851      0.099335      0.098793      0.099724
65     Aggressive_11      1.505135            0.100069  62.0        0.104730               2  0.015455  0.084614  0.139773  0.760158      0.098645      0.098745      0.099626      0.100294
66     Aggressive_21      1.505128            0.100090  62.0        0.108784              13  0.015464  0.084626  0.139872  0.760039      0.102832      0.099858      0.100740      0.099980
67      Aggressive_9      1.504993            0.100095  64.0        0.091892              24  0.015506  0.084589  0.139761  0.760143      0.099357      0.100326      0.099743      0.100193
68     Aggressive_25      1.504797            0.100066  62.0        0.104730              17  0.015567  0.084499  0.139650  0.760284      0.099548      0.100232      0.100956      0.099877
69      Aggressive_8      1.504784            0.099883  62.0        0.104054              23  0.015462  0.084421  0.139884  0.760232      0.098484      0.099302      0.099844      0.099976
70      Aggressive_4      1.504378            0.099961  62.0        0.098649              19  0.015433  0.084528  0.139620  0.760419      0.099500      0.098710      0.101542      0.099842
71     Aggressive_22      1.504115            0.099391  63.0        0.104730              14  0.015304  0.084087  0.139280  0.761328      0.096333      0.098287      0.099535      0.099501
72      Aggressive_6      1.504000            0.099751  62.0        0.095270              21  0.015260  0.084491  0.139357  0.760893      0.100528      0.099048      0.100124      0.099786
73     Aggressive_18      1.503689            0.099980  63.0        0.103378               9  0.015451  0.084530  0.139468  0.760551      0.098251      0.098792      0.100922      0.100043
74      Aggressive_2      1.503493            0.099817  62.0        0.106757              11  0.015422  0.084395  0.139581  0.760602      0.096870      0.097566      0.099046      0.100293