Normalised cooperation:
column       Aggressive  Cooperative   Neutral
index                                         
Aggressive     0.005853      0.02504  0.023464
Cooperative    0.025960      1.00000  0.940040
Neutral        0.024083      0.94000  0.883237

Payoffs:
column       Aggressive  Cooperative   Neutral
index                                         
Aggressive     1.017331      1.07880  1.072869
Cooperative    1.074200      3.00000  2.899960
Neutral        1.069773      2.90016  2.803310

Results Summary:
                Name  Median_score  Cooperation_rating  Wins  Initial_C_rate  Original_index   CC_rate   CD_rate   DC_rate   DD_rate  CC_to_C_rate  CD_to_C_rate  DC_to_C_rate  DD_to_C_rate
Rank                                                                                                                                                                                        
0      Cooperative_1      2.315595            0.650676   0.0             1.0              25  0.635135  0.015541  0.015216  0.334108           1.0             0           1.0      0.000000
1     Cooperative_10      2.315595            0.650676   0.0             1.0              26  0.635135  0.015541  0.015216  0.334108           1.0             0           1.0      0.000000
2     Cooperative_11      2.315595            0.650676   0.0             1.0              27  0.635135  0.015541  0.015216  0.334108           1.0             0           1.0      0.000000
3     Cooperative_12      2.315595            0.650676   0.0             1.0              28  0.635135  0.015541  0.015216  0.334108           1.0             0           1.0      0.000000
4     Cooperative_13      2.315595            0.650676   0.0             1.0              29  0.635135  0.015541  0.015216  0.334108           1.0             0           1.0      0.000000
5     Cooperative_14      2.315595            0.650676   0.0             1.0              30  0.635135  0.015541  0.015216  0.334108           1.0             0           1.0      0.000000
6     Cooperative_15      2.315595            0.650676   0.0             1.0              31  0.635135  0.015541  0.015216  0.334108           1.0             0           1.0      0.000000
7     Cooperative_16      2.315595            0.650676   0.0             1.0              32  0.635135  0.015541  0.015216  0.334108           1.0             0           1.0      0.000000
8     Cooperative_17      2.315595            0.650676   0.0             1.0              33  0.635135  0.015541  0.015216  0.334108           1.0             0           1.0      0.000000
9     Cooperative_18      2.315595            0.650676   0.0             1.0              34  0.635135  0.015541  0.015216  0.334108           1.0             0           1.0      0.000000
10    Cooperative_19      2.315595            0.650676   0.0             1.0              35  0.635135  0.015541  0.015216  0.334108           1.0             0           1.0      0.000000
11     Cooperative_2      2.315595            0.650676   0.0             1.0              36  0.635135  0.015541  0.015216  0.334108           1.0             0           1.0      0.000000
12    Cooperative_20      2.315595            0.650676   0.0             1.0              37  0.635135  0.015541  0.015216  0.334108           1.0             0           1.0      0.000000
13    Cooperative_21      2.315595            0.650676   0.0             1.0              38  0.635135  0.015541  0.015216  0.334108           1.0             0           1.0      0.000000
14    Cooperative_22      2.315595            0.650676   0.0             1.0              39  0.635135  0.015541  0.015216  0.334108           1.0             0           1.0      0.000000
15    Cooperative_23      2.315595            0.650676   0.0             1.0              40  0.635135  0.015541  0.015216  0.334108           1.0             0           1.0      0.000000
16    Cooperative_24      2.315595            0.650676   0.0             1.0              41  0.635135  0.015541  0.015216  0.334108           1.0             0           1.0      0.000000
17    Cooperative_25      2.315595            0.650676   0.0             1.0              42  0.635135  0.015541  0.015216  0.334108           1.0             0           1.0      0.000000
18     Cooperative_3      2.315595            0.650676   0.0             1.0              43  0.635135  0.015541  0.015216  0.334108           1.0             0           1.0      0.000000
19     Cooperative_4      2.315595            0.650676   0.0             1.0              44  0.635135  0.015541  0.015216  0.334108           1.0             0           1.0      0.000000
20     Cooperative_5      2.315595            0.650676   0.0             1.0              45  0.635135  0.015541  0.015216  0.334108           1.0             0           1.0      0.000000
21     Cooperative_6      2.315595            0.650676   0.0             1.0              46  0.635135  0.015541  0.015216  0.334108           1.0             0           1.0      0.000000
22     Cooperative_7      2.315595            0.650676   0.0             1.0              47  0.635135  0.015541  0.015216  0.334108           1.0             0           1.0      0.000000
23     Cooperative_8      2.315595            0.650676   0.0             1.0              48  0.635135  0.015541  0.015216  0.334108           1.0             0           1.0      0.000000
24     Cooperative_9      2.315595            0.650676   0.0             1.0              49  0.635135  0.015541  0.015216  0.334108           1.0             0           1.0      0.000000
25         Neutral_1      2.315595            0.650676   0.0             1.0              50  0.635135  0.015541  0.015216  0.334108           1.0             0           1.0      0.000000
26        Neutral_10      2.315595            0.650676   0.0             1.0              51  0.635135  0.015541  0.015216  0.334108           1.0             0           1.0      0.000000
27        Neutral_11      2.315595            0.650676   0.0             1.0              52  0.635135  0.015541  0.015216  0.334108           1.0             0           1.0      0.000000
28        Neutral_12      2.315595            0.650676   0.0             1.0              53  0.635135  0.015541  0.015216  0.334108           1.0             0           1.0      0.000000
29        Neutral_13      2.315595            0.650676   0.0             1.0              54  0.635135  0.015541  0.015216  0.334108           1.0             0           1.0      0.000000
30        Neutral_14      2.315595            0.650676   0.0             1.0              55  0.635135  0.015541  0.015216  0.334108           1.0             0           1.0      0.000000
31        Neutral_15      2.315595            0.650676   0.0             1.0              56  0.635135  0.015541  0.015216  0.334108           1.0             0           1.0      0.000000
32        Neutral_16      2.315595            0.650676   0.0             1.0              57  0.635135  0.015541  0.015216  0.334108           1.0             0           1.0      0.000000
33        Neutral_18      2.315595            0.650676   0.0             1.0              59  0.635135  0.015541  0.015216  0.334108           1.0             0           1.0      0.000000
34        Neutral_19      2.315595            0.650676   0.0             1.0              60  0.635135  0.015541  0.015216  0.334108           1.0             0           1.0      0.000000
35         Neutral_2      2.315595            0.650676   0.0             1.0              61  0.635135  0.015541  0.015216  0.334108           1.0             0           1.0      0.000000
36        Neutral_20      2.315595            0.650676   0.0             1.0              62  0.635135  0.015541  0.015216  0.334108           1.0             0           1.0      0.000000
37        Neutral_21      2.315595            0.650676   0.0             1.0              63  0.635135  0.015541  0.015216  0.334108           1.0             0           1.0      0.000000
38        Neutral_22      2.315595            0.650676   0.0             1.0              64  0.635135  0.015541  0.015216  0.334108           1.0             0           1.0      0.000000
39        Neutral_23      2.315595            0.650676   0.0             1.0              65  0.635135  0.015541  0.015216  0.334108           1.0             0           1.0      0.000000
40        Neutral_25      2.315595            0.650676   0.0             1.0              67  0.635135  0.015541  0.015216  0.334108           1.0             0           1.0      0.000000
41         Neutral_3      2.315595            0.650676   0.0             1.0              68  0.635135  0.015541  0.015216  0.334108           1.0             0           1.0      0.000000
42         Neutral_4      2.315595            0.650676   0.0             1.0              69  0.635135  0.015541  0.015216  0.334108           1.0             0           1.0      0.000000
43         Neutral_5      2.315595            0.650676   0.0             1.0              70  0.635135  0.015541  0.015216  0.334108           1.0             0           1.0      0.000000
44         Neutral_6      2.315595            0.650676   0.0             1.0              71  0.635135  0.015541  0.015216  0.334108           1.0             0           1.0      0.000000
45         Neutral_7      2.315595            0.650676   0.0             1.0              72  0.635135  0.015541  0.015216  0.334108           1.0             0           1.0      0.000000
46         Neutral_8      2.315595            0.650676   0.0             1.0              73  0.635135  0.015541  0.015216  0.334108           1.0             0           1.0      0.000000
47         Neutral_9      2.315595            0.650676   0.0             1.0              74  0.635135  0.015541  0.015216  0.334108           1.0             0           1.0      0.000000
48     Aggressive_14      1.978041            0.326014   0.0             0.0               5  0.000000  0.326014  0.326014  0.347973           0.0             0           1.0      0.000000
49        Neutral_17      1.978041            0.326014   0.0             0.0              58  0.000000  0.326014  0.326014  0.347973           0.0             0           1.0      0.000000
50      Aggressive_5      1.207324            0.130514   0.0             0.0              20  0.000000  0.130514  0.084459  0.785027           0.0             0           0.0      0.166351
51     Aggressive_16      1.012216            0.000649  49.0             0.0               7  0.000000  0.000649  0.003216  0.996135           0.0             0           0.5      0.000000
52      Aggressive_1      1.010270            0.000000  49.0             0.0               0  0.000000  0.000000  0.002568  0.997432           0.0             0           0.0      0.000000
53     Aggressive_10      1.010270            0.000000  49.0             0.0               1  0.000000  0.000000  0.002568  0.997432           0.0             0           0.0      0.000000
54     Aggressive_11      1.010270            0.000000  49.0             0.0               2  0.000000  0.000000  0.002568  0.997432           0.0             0           0.0      0.000000
55     Aggressive_12      1.010270            0.000000  49.0             0.0               3  0.000000  0.000000  0.002568  0.997432           0.0             0           0.0      0.000000
56     Aggressive_13      1.010270            0.000000  49.0             0.0               4  0.000000  0.000000  0.002568  0.997432           0.0             0           0.0      0.000000
57     Aggressive_15      1.010270            0.000000  49.0             0.0               6  0.000000  0.000000  0.002568  0.997432           0.0             0           0.0      0.000000
58     Aggressive_17      1.010270            0.000000  49.0             0.0               8  0.000000  0.000000  0.002568  0.997432           0.0             0           0.0      0.000000
59     Aggressive_18      1.010270            0.000000  49.0             0.0               9  0.000000  0.000000  0.002568  0.997432           0.0             0           0.0      0.000000
60     Aggressive_19      1.010270            0.000000  49.0             0.0              10  0.000000  0.000000  0.002568  0.997432           0.0             0           0.0      0.000000
61      Aggressive_2      1.010270            0.000000  49.0             0.0              11  0.000000  0.000000  0.002568  0.997432           0.0             0           0.0      0.000000
62     Aggressive_20      1.010270            0.000000  49.0             0.0              12  0.000000  0.000000  0.002568  0.997432           0.0             0           0.0      0.000000
63        Neutral_24      1.010270            0.000000  49.0             0.0              66  0.000000  0.000000  0.002568  0.997432           0.0             0           0.0      0.000000
64     Aggressive_21      1.010270            0.000000  49.0             0.0              13  0.000000  0.000000  0.002568  0.997432           0.0             0           0.0      0.000000
65     Aggressive_22      1.010270            0.000000  49.0             0.0              14  0.000000  0.000000  0.002568  0.997432           0.0             0           0.0      0.000000
66     Aggressive_23      1.010270            0.000000  49.0             0.0              15  0.000000  0.000000  0.002568  0.997432           0.0             0           0.0      0.000000
67     Aggressive_24      1.010270            0.000000  49.0             0.0              16  0.000000  0.000000  0.002568  0.997432           0.0             0           0.0      0.000000
68     Aggressive_25      1.010270            0.000000  49.0             0.0              17  0.000000  0.000000  0.002568  0.997432           0.0             0           0.0      0.000000
69      Aggressive_3      1.010270            0.000000  49.0             0.0              18  0.000000  0.000000  0.002568  0.997432           0.0             0           0.0      0.000000
70      Aggressive_4      1.010270            0.000000  49.0             0.0              19  0.000000  0.000000  0.002568  0.997432           0.0             0           0.0      0.000000
71      Aggressive_6      1.010270            0.000000  49.0             0.0              21  0.000000  0.000000  0.002568  0.997432           0.0             0           0.0      0.000000
72      Aggressive_7      1.010270            0.000000  49.0             0.0              22  0.000000  0.000000  0.002568  0.997432           0.0             0           0.0      0.000000
73      Aggressive_8      1.010270            0.000000  49.0             0.0              23  0.000000  0.000000  0.002568  0.997432           0.0             0           0.0      0.000000
74      Aggressive_9      1.010270            0.000000  49.0             0.0              24  0.000000  0.000000  0.002568  0.997432           0.0             0           0.0      0.000000