Normalised cooperation:
column       Aggressive  Cooperative  Neutral
index                                        
Aggressive     0.397614      0.60292  0.61812
Cooperative    0.603064      0.92000  0.94000
Neutral        0.618272      0.94000  0.96000

Payoffs:
column       Aggressive  Cooperative   Neutral
index                                         
Aggressive     1.982178     2.394536  2.422568
Cooperative    2.393816     2.913600  2.936800
Neutral        2.421808     2.936800  2.958400

Results Summary:
                Name  Median_score  Cooperation_rating  Wins  Initial_C_rate  Original_index   CC_rate   CD_rate   DC_rate   DD_rate  CC_to_C_rate  CD_to_C_rate  DC_to_C_rate  DD_to_C_rate
Rank                                                                                                                                                                                        
0       Aggressive_1      2.793851            0.855905   0.0             1.0               0  0.773649  0.082257  0.082203  0.061892           1.0           0.0      1.000000      0.000000
1      Aggressive_11      2.793851            0.855905   0.0             1.0               2  0.773649  0.082257  0.082203  0.061892           1.0           0.0      1.000000      0.000000
2      Aggressive_12      2.793851            0.855905   0.0             1.0               3  0.773649  0.082257  0.082203  0.061892           1.0           0.0      1.000000      0.000000
3      Aggressive_16      2.793851            0.855905   0.0             1.0               7  0.773649  0.082257  0.082203  0.061892           1.0           0.0      1.000000      0.000000
4      Aggressive_17      2.793851            0.855905   0.0             1.0               8  0.773649  0.082257  0.082203  0.061892           1.0           0.0      1.000000      0.000000
5      Aggressive_18      2.793851            0.855905   0.0             1.0               9  0.773649  0.082257  0.082203  0.061892           1.0           0.0      1.000000      0.000000
6      Aggressive_19      2.793851            0.855905   0.0             1.0              10  0.773649  0.082257  0.082203  0.061892           1.0           0.0      1.000000      0.000000
7      Aggressive_22      2.793851            0.855905   0.0             1.0              14  0.773649  0.082257  0.082203  0.061892           1.0           0.0      1.000000      0.000000
8      Aggressive_23      2.793851            0.855905   0.0             1.0              15  0.773649  0.082257  0.082203  0.061892           1.0           0.0      1.000000      0.000000
9      Aggressive_24      2.793851            0.855905   0.0             1.0              16  0.773649  0.082257  0.082203  0.061892           1.0           0.0      1.000000      0.000000
10      Aggressive_3      2.793851            0.855905   0.0             1.0              18  0.773649  0.082257  0.082203  0.061892           1.0           0.0      1.000000      0.000000
11     Cooperative_1      2.793851            0.855905   0.0             1.0              25  0.773649  0.082257  0.082203  0.061892           1.0           0.0      1.000000      0.000000
12    Cooperative_10      2.793851            0.855905   0.0             1.0              26  0.773649  0.082257  0.082203  0.061892           1.0           0.0      1.000000      0.000000
13    Cooperative_11      2.793851            0.855905   0.0             1.0              27  0.773649  0.082257  0.082203  0.061892           1.0           0.0      1.000000      0.000000
14    Cooperative_12      2.793851            0.855905   0.0             1.0              28  0.773649  0.082257  0.082203  0.061892           1.0           0.0      1.000000      0.000000
15    Cooperative_13      2.793851            0.855905   0.0             1.0              29  0.773649  0.082257  0.082203  0.061892           1.0           0.0      1.000000      0.000000
16    Cooperative_14      2.793851            0.855905   0.0             1.0              30  0.773649  0.082257  0.082203  0.061892           1.0           0.0      1.000000      0.000000
17    Cooperative_15      2.793851            0.855905   0.0             1.0              31  0.773649  0.082257  0.082203  0.061892           1.0           0.0      1.000000      0.000000
18    Cooperative_16      2.793851            0.855905   0.0             1.0              32  0.773649  0.082257  0.082203  0.061892           1.0           0.0      1.000000      0.000000
19    Cooperative_17      2.793851            0.855905   0.0             1.0              33  0.773649  0.082257  0.082203  0.061892           1.0           0.0      1.000000      0.000000
20    Cooperative_18      2.793851            0.855905   0.0             1.0              34  0.773649  0.082257  0.082203  0.061892           1.0           0.0      1.000000      0.000000
21    Cooperative_19      2.793851            0.855905   0.0             1.0              35  0.773649  0.082257  0.082203  0.061892           1.0           0.0      1.000000      0.000000
22     Cooperative_2      2.793851            0.855905   0.0             1.0              36  0.773649  0.082257  0.082203  0.061892           1.0           0.0      1.000000      0.000000
23    Cooperative_20      2.793851            0.855905   0.0             1.0              37  0.773649  0.082257  0.082203  0.061892           1.0           0.0      1.000000      0.000000
24    Cooperative_21      2.793851            0.855905   0.0             1.0              38  0.773649  0.082257  0.082203  0.061892           1.0           0.0      1.000000      0.000000
25    Cooperative_22      2.793851            0.855905   0.0             1.0              39  0.773649  0.082257  0.082203  0.061892           1.0           0.0      1.000000      0.000000
26    Cooperative_23      2.793851            0.855905   0.0             1.0              40  0.773649  0.082257  0.082203  0.061892           1.0           0.0      1.000000      0.000000
27    Cooperative_24      2.793851            0.855905   0.0             1.0              41  0.773649  0.082257  0.082203  0.061892           1.0           0.0      1.000000      0.000000
28    Cooperative_25      2.793851            0.855905   0.0             1.0              42  0.773649  0.082257  0.082203  0.061892           1.0           0.0      1.000000      0.000000
29     Cooperative_5      2.793851            0.855905   0.0             1.0              45  0.773649  0.082257  0.082203  0.061892           1.0           0.0      1.000000      0.000000
30     Cooperative_6      2.793851            0.855905   0.0             1.0              46  0.773649  0.082257  0.082203  0.061892           1.0           0.0      1.000000      0.000000
31     Cooperative_7      2.793851            0.855905   0.0             1.0              47  0.773649  0.082257  0.082203  0.061892           1.0           0.0      1.000000      0.000000
32     Cooperative_8      2.793851            0.855905   0.0             1.0              48  0.773649  0.082257  0.082203  0.061892           1.0           0.0      1.000000      0.000000
33     Cooperative_9      2.793851            0.855905   0.0             1.0              49  0.773649  0.082257  0.082203  0.061892           1.0           0.0      1.000000      0.000000
34         Neutral_1      2.793851            0.855905   0.0             1.0              50  0.773649  0.082257  0.082203  0.061892           1.0           0.0      1.000000      0.000000
35        Neutral_10      2.793851            0.855905   0.0             1.0              51  0.773649  0.082257  0.082203  0.061892           1.0           0.0      1.000000      0.000000
36        Neutral_11      2.793851            0.855905   0.0             1.0              52  0.773649  0.082257  0.082203  0.061892           1.0           0.0      1.000000      0.000000
37        Neutral_12      2.793851            0.855905   0.0             1.0              53  0.773649  0.082257  0.082203  0.061892           1.0           0.0      1.000000      0.000000
38        Neutral_13      2.793851            0.855905   0.0             1.0              54  0.773649  0.082257  0.082203  0.061892           1.0           0.0      1.000000      0.000000
39        Neutral_14      2.793851            0.855905   0.0             1.0              55  0.773649  0.082257  0.082203  0.061892           1.0           0.0      1.000000      0.000000
40        Neutral_15      2.793851            0.855905   0.0             1.0              56  0.773649  0.082257  0.082203  0.061892           1.0           0.0      1.000000      0.000000
41        Neutral_16      2.793851            0.855905   0.0             1.0              57  0.773649  0.082257  0.082203  0.061892           1.0           0.0      1.000000      0.000000
42        Neutral_17      2.793851            0.855905   0.0             1.0              58  0.773649  0.082257  0.082203  0.061892           1.0           0.0      1.000000      0.000000
43        Neutral_18      2.793851            0.855905   0.0             1.0              59  0.773649  0.082257  0.082203  0.061892           1.0           0.0      1.000000      0.000000
44        Neutral_19      2.793851            0.855905   0.0             1.0              60  0.773649  0.082257  0.082203  0.061892           1.0           0.0      1.000000      0.000000
45         Neutral_2      2.793851            0.855905   0.0             1.0              61  0.773649  0.082257  0.082203  0.061892           1.0           0.0      1.000000      0.000000
46        Neutral_20      2.793851            0.855905   0.0             1.0              62  0.773649  0.082257  0.082203  0.061892           1.0           0.0      1.000000      0.000000
47        Neutral_22      2.793851            0.855905   0.0             1.0              64  0.773649  0.082257  0.082203  0.061892           1.0           0.0      1.000000      0.000000
48        Neutral_23      2.793851            0.855905   0.0             1.0              65  0.773649  0.082257  0.082203  0.061892           1.0           0.0      1.000000      0.000000
49        Neutral_24      2.793851            0.855905   0.0             1.0              66  0.773649  0.082257  0.082203  0.061892           1.0           0.0      1.000000      0.000000
50        Neutral_25      2.793851            0.855905   0.0             1.0              67  0.773649  0.082257  0.082203  0.061892           1.0           0.0      1.000000      0.000000
51         Neutral_3      2.793851            0.855905   0.0             1.0              68  0.773649  0.082257  0.082203  0.061892           1.0           0.0      1.000000      0.000000
52         Neutral_4      2.793851            0.855905   0.0             1.0              69  0.773649  0.082257  0.082203  0.061892           1.0           0.0      1.000000      0.000000
53         Neutral_5      2.793851            0.855905   0.0             1.0              70  0.773649  0.082257  0.082203  0.061892           1.0           0.0      1.000000      0.000000
54         Neutral_6      2.793851            0.855905   0.0             1.0              71  0.773649  0.082257  0.082203  0.061892           1.0           0.0      1.000000      0.000000
55         Neutral_7      2.793851            0.855905   0.0             1.0              72  0.773649  0.082257  0.082203  0.061892           1.0           0.0      1.000000      0.000000
56         Neutral_8      2.793851            0.855905   0.0             1.0              73  0.773649  0.082257  0.082203  0.061892           1.0           0.0      1.000000      0.000000
57         Neutral_9      2.793851            0.855905   0.0             1.0              74  0.773649  0.082257  0.082203  0.061892           1.0           0.0      1.000000      0.000000
58     Aggressive_10      2.206081            0.403135   1.0             0.0               1  0.003378  0.399757  0.399770  0.197095           1.0           0.0      1.000000      0.000000
59     Aggressive_13      2.206081            0.403135   1.0             0.0               4  0.003378  0.399757  0.399770  0.197095           1.0           0.0      1.000000      0.000000
60     Aggressive_15      2.206081            0.403135   1.0             0.0               6  0.003378  0.399757  0.399770  0.197095           1.0           0.0      1.000000      0.000000
61      Aggressive_2      2.206081            0.403135   1.0             0.0              11  0.003378  0.399757  0.399770  0.197095           1.0           0.0      1.000000      0.000000
62     Aggressive_20      2.206081            0.403135   1.0             0.0              12  0.003378  0.399757  0.399770  0.197095           1.0           0.0      1.000000      0.000000
63      Aggressive_4      2.206081            0.403135   1.0             0.0              19  0.003378  0.399757  0.399770  0.197095           1.0           0.0      1.000000      0.000000
64      Aggressive_8      2.206081            0.403135   1.0             0.0              23  0.003378  0.399757  0.399770  0.197095           1.0           0.0      1.000000      0.000000
65      Aggressive_9      2.206081            0.403135   1.0             0.0              24  0.003378  0.399757  0.399770  0.197095           1.0           0.0      1.000000      0.000000
66     Cooperative_3      2.206081            0.403135   1.0             0.0              43  0.003378  0.399757  0.399770  0.197095           1.0           0.0      1.000000      0.000000
67     Cooperative_4      2.206081            0.403135   1.0             0.0              44  0.003378  0.399757  0.399770  0.197095           1.0           0.0      1.000000      0.000000
68        Neutral_21      2.206081            0.403135   1.0             0.0              63  0.003378  0.399757  0.399770  0.197095           1.0           0.0      1.000000      0.000000
69     Aggressive_14      2.118284            0.529216   0.0             0.0               5  0.235365  0.293851  0.235351  0.235432           0.0           1.0      0.000000      1.000000
70     Aggressive_25      1.957986            0.337419   1.0             0.0              17  0.000000  0.337419  0.323851  0.338730           0.0           0.0      0.666987      0.368334
71      Aggressive_5      1.084054            0.000000  60.0             0.0              20  0.000000  0.000000  0.021014  0.978986           0.0           0.0      0.000000      0.000000
72      Aggressive_6      1.084054            0.000000  60.0             0.0              21  0.000000  0.000000  0.021014  0.978986           0.0           0.0      0.000000      0.000000
73      Aggressive_7      1.083973            0.000014  60.0             0.0              22  0.000014  0.000000  0.020986  0.979000           0.0           0.0      0.001004      0.000000
74     Aggressive_21      1.059378            0.004486  60.0             0.0              13  0.002243  0.002243  0.014284  0.981230           1.0           0.0      0.332000      0.000000