Normalised cooperation:
column       Aggressive  Cooperative  Neutral
index                                        
Aggressive        0.000          0.0      0.0
Cooperative       0.001          1.0      1.0
Neutral           0.001          1.0      1.0

Payoffs:
column       Aggressive  Cooperative  Neutral
index                                        
Aggressive        1.000        1.004    1.004
Cooperative       0.999        3.000    3.000
Neutral           0.999        3.000    3.000

Results Summary:
                Name  Median_score  Cooperation_rating  Wins  Initial_C_rate  Original_index   CC_rate   CD_rate   DC_rate   DD_rate  CC_to_C_rate  CD_to_C_rate  DC_to_C_rate  DD_to_C_rate
Rank                                                                                                                                                                                        
0      Cooperative_1      2.323986              0.6625   0.0             1.0              25  0.662162  0.000338  0.000000  0.337500           1.0             0             0             0
1     Cooperative_10      2.323986              0.6625   0.0             1.0              26  0.662162  0.000338  0.000000  0.337500           1.0             0             0             0
2     Cooperative_11      2.323986              0.6625   0.0             1.0              27  0.662162  0.000338  0.000000  0.337500           1.0             0             0             0
3     Cooperative_12      2.323986              0.6625   0.0             1.0              28  0.662162  0.000338  0.000000  0.337500           1.0             0             0             0
4     Cooperative_13      2.323986              0.6625   0.0             1.0              29  0.662162  0.000338  0.000000  0.337500           1.0             0             0             0
5     Cooperative_14      2.323986              0.6625   0.0             1.0              30  0.662162  0.000338  0.000000  0.337500           1.0             0             0             0
6     Cooperative_15      2.323986              0.6625   0.0             1.0              31  0.662162  0.000338  0.000000  0.337500           1.0             0             0             0
7     Cooperative_16      2.323986              0.6625   0.0             1.0              32  0.662162  0.000338  0.000000  0.337500           1.0             0             0             0
8     Cooperative_17      2.323986              0.6625   0.0             1.0              33  0.662162  0.000338  0.000000  0.337500           1.0             0             0             0
9     Cooperative_18      2.323986              0.6625   0.0             1.0              34  0.662162  0.000338  0.000000  0.337500           1.0             0             0             0
10    Cooperative_19      2.323986              0.6625   0.0             1.0              35  0.662162  0.000338  0.000000  0.337500           1.0             0             0             0
11     Cooperative_2      2.323986              0.6625   0.0             1.0              36  0.662162  0.000338  0.000000  0.337500           1.0             0             0             0
12    Cooperative_20      2.323986              0.6625   0.0             1.0              37  0.662162  0.000338  0.000000  0.337500           1.0             0             0             0
13    Cooperative_21      2.323986              0.6625   0.0             1.0              38  0.662162  0.000338  0.000000  0.337500           1.0             0             0             0
14    Cooperative_22      2.323986              0.6625   0.0             1.0              39  0.662162  0.000338  0.000000  0.337500           1.0             0             0             0
15    Cooperative_23      2.323986              0.6625   0.0             1.0              40  0.662162  0.000338  0.000000  0.337500           1.0             0             0             0
16    Cooperative_24      2.323986              0.6625   0.0             1.0              41  0.662162  0.000338  0.000000  0.337500           1.0             0             0             0
17    Cooperative_25      2.323986              0.6625   0.0             1.0              42  0.662162  0.000338  0.000000  0.337500           1.0             0             0             0
18     Cooperative_3      2.323986              0.6625   0.0             1.0              43  0.662162  0.000338  0.000000  0.337500           1.0             0             0             0
19     Cooperative_4      2.323986              0.6625   0.0             1.0              44  0.662162  0.000338  0.000000  0.337500           1.0             0             0             0
20     Cooperative_5      2.323986              0.6625   0.0             1.0              45  0.662162  0.000338  0.000000  0.337500           1.0             0             0             0
21     Cooperative_6      2.323986              0.6625   0.0             1.0              46  0.662162  0.000338  0.000000  0.337500           1.0             0             0             0
22     Cooperative_7      2.323986              0.6625   0.0             1.0              47  0.662162  0.000338  0.000000  0.337500           1.0             0             0             0
23     Cooperative_8      2.323986              0.6625   0.0             1.0              48  0.662162  0.000338  0.000000  0.337500           1.0             0             0             0
24     Cooperative_9      2.323986              0.6625   0.0             1.0              49  0.662162  0.000338  0.000000  0.337500           1.0             0             0             0
25         Neutral_1      2.323986              0.6625   0.0             1.0              50  0.662162  0.000338  0.000000  0.337500           1.0             0             0             0
26        Neutral_10      2.323986              0.6625   0.0             1.0              51  0.662162  0.000338  0.000000  0.337500           1.0             0             0             0
27        Neutral_11      2.323986              0.6625   0.0             1.0              52  0.662162  0.000338  0.000000  0.337500           1.0             0             0             0
28        Neutral_12      2.323986              0.6625   0.0             1.0              53  0.662162  0.000338  0.000000  0.337500           1.0             0             0             0
29        Neutral_13      2.323986              0.6625   0.0             1.0              54  0.662162  0.000338  0.000000  0.337500           1.0             0             0             0
30        Neutral_14      2.323986              0.6625   0.0             1.0              55  0.662162  0.000338  0.000000  0.337500           1.0             0             0             0
31        Neutral_15      2.323986              0.6625   0.0             1.0              56  0.662162  0.000338  0.000000  0.337500           1.0             0             0             0
32        Neutral_16      2.323986              0.6625   0.0             1.0              57  0.662162  0.000338  0.000000  0.337500           1.0             0             0             0
33        Neutral_17      2.323986              0.6625   0.0             1.0              58  0.662162  0.000338  0.000000  0.337500           1.0             0             0             0
34        Neutral_18      2.323986              0.6625   0.0             1.0              59  0.662162  0.000338  0.000000  0.337500           1.0             0             0             0
35        Neutral_19      2.323986              0.6625   0.0             1.0              60  0.662162  0.000338  0.000000  0.337500           1.0             0             0             0
36         Neutral_2      2.323986              0.6625   0.0             1.0              61  0.662162  0.000338  0.000000  0.337500           1.0             0             0             0
37        Neutral_20      2.323986              0.6625   0.0             1.0              62  0.662162  0.000338  0.000000  0.337500           1.0             0             0             0
38        Neutral_21      2.323986              0.6625   0.0             1.0              63  0.662162  0.000338  0.000000  0.337500           1.0             0             0             0
39        Neutral_22      2.323986              0.6625   0.0             1.0              64  0.662162  0.000338  0.000000  0.337500           1.0             0             0             0
40        Neutral_23      2.323986              0.6625   0.0             1.0              65  0.662162  0.000338  0.000000  0.337500           1.0             0             0             0
41        Neutral_24      2.323986              0.6625   0.0             1.0              66  0.662162  0.000338  0.000000  0.337500           1.0             0             0             0
42        Neutral_25      2.323986              0.6625   0.0             1.0              67  0.662162  0.000338  0.000000  0.337500           1.0             0             0             0
43         Neutral_3      2.323986              0.6625   0.0             1.0              68  0.662162  0.000338  0.000000  0.337500           1.0             0             0             0
44         Neutral_4      2.323986              0.6625   0.0             1.0              69  0.662162  0.000338  0.000000  0.337500           1.0             0             0             0
45         Neutral_5      2.323986              0.6625   0.0             1.0              70  0.662162  0.000338  0.000000  0.337500           1.0             0             0             0
46         Neutral_6      2.323986              0.6625   0.0             1.0              71  0.662162  0.000338  0.000000  0.337500           1.0             0             0             0
47         Neutral_7      2.323986              0.6625   0.0             1.0              72  0.662162  0.000338  0.000000  0.337500           1.0             0             0             0
48         Neutral_8      2.323986              0.6625   0.0             1.0              73  0.662162  0.000338  0.000000  0.337500           1.0             0             0             0
49         Neutral_9      2.323986              0.6625   0.0             1.0              74  0.662162  0.000338  0.000000  0.337500           1.0             0             0             0
50      Aggressive_1      1.002703              0.0000  50.0             0.0               0  0.000000  0.000000  0.000676  0.999324           0.0             0             0             0
51     Aggressive_10      1.002703              0.0000  50.0             0.0               1  0.000000  0.000000  0.000676  0.999324           0.0             0             0             0
52     Aggressive_11      1.002703              0.0000  50.0             0.0               2  0.000000  0.000000  0.000676  0.999324           0.0             0             0             0
53     Aggressive_12      1.002703              0.0000  50.0             0.0               3  0.000000  0.000000  0.000676  0.999324           0.0             0             0             0
54     Aggressive_13      1.002703              0.0000  50.0             0.0               4  0.000000  0.000000  0.000676  0.999324           0.0             0             0             0
55     Aggressive_14      1.002703              0.0000  50.0             0.0               5  0.000000  0.000000  0.000676  0.999324           0.0             0             0             0
56     Aggressive_15      1.002703              0.0000  50.0             0.0               6  0.000000  0.000000  0.000676  0.999324           0.0             0             0             0
57     Aggressive_16      1.002703              0.0000  50.0             0.0               7  0.000000  0.000000  0.000676  0.999324           0.0             0             0             0
58     Aggressive_17      1.002703              0.0000  50.0             0.0               8  0.000000  0.000000  0.000676  0.999324           0.0             0             0             0
59     Aggressive_18      1.002703              0.0000  50.0             0.0               9  0.000000  0.000000  0.000676  0.999324           0.0             0             0             0
60     Aggressive_19      1.002703              0.0000  50.0             0.0              10  0.000000  0.000000  0.000676  0.999324           0.0             0             0             0
61      Aggressive_2      1.002703              0.0000  50.0             0.0              11  0.000000  0.000000  0.000676  0.999324           0.0             0             0             0
62     Aggressive_20      1.002703              0.0000  50.0             0.0              12  0.000000  0.000000  0.000676  0.999324           0.0             0             0             0
63     Aggressive_21      1.002703              0.0000  50.0             0.0              13  0.000000  0.000000  0.000676  0.999324           0.0             0             0             0
64     Aggressive_22      1.002703              0.0000  50.0             0.0              14  0.000000  0.000000  0.000676  0.999324           0.0             0             0             0
65     Aggressive_23      1.002703              0.0000  50.0             0.0              15  0.000000  0.000000  0.000676  0.999324           0.0             0             0             0
66     Aggressive_24      1.002703              0.0000  50.0             0.0              16  0.000000  0.000000  0.000676  0.999324           0.0             0             0             0
67     Aggressive_25      1.002703              0.0000  50.0             0.0              17  0.000000  0.000000  0.000676  0.999324           0.0             0             0             0
68      Aggressive_3      1.002703              0.0000  50.0             0.0              18  0.000000  0.000000  0.000676  0.999324           0.0             0             0             0
69      Aggressive_4      1.002703              0.0000  50.0             0.0              19  0.000000  0.000000  0.000676  0.999324           0.0             0             0             0
70      Aggressive_5      1.002703              0.0000  50.0             0.0              20  0.000000  0.000000  0.000676  0.999324           0.0             0             0             0
71      Aggressive_6      1.002703              0.0000  50.0             0.0              21  0.000000  0.000000  0.000676  0.999324           0.0             0             0             0
72      Aggressive_7      1.002703              0.0000  50.0             0.0              22  0.000000  0.000000  0.000676  0.999324           0.0             0             0             0
73      Aggressive_8      1.002703              0.0000  50.0             0.0              23  0.000000  0.000000  0.000676  0.999324           0.0             0             0             0
74      Aggressive_9      1.002703              0.0000  50.0             0.0              24  0.000000  0.000000  0.000676  0.999324           0.0             0             0             0