Normalised cooperation:
column       Aggressive  Cooperative   Neutral
index                                         
Aggressive     0.163395     0.385962  0.364712
Cooperative    0.433120     0.877638  0.806096
Neutral        0.460478     0.807541  0.749504

Payoffs:
column       Aggressive  Cooperative   Neutral
index                                         
Aggressive     1.407670     2.085635  2.244069
Cooperative    1.849843     2.783333  2.695771
Neutral        1.765237     2.688547  2.613974

Results Summary:
                Name  Median_score  Cooperation_rating  Wins  Initial_C_rate  Original_index   CC_rate   CD_rate   DC_rate   DD_rate  CC_to_C_rate  CD_to_C_rate  DC_to_C_rate  DD_to_C_rate
Rank                                                                                                                                                                                        
0       Aggressive_8      2.546527            0.673473   8.0             1.0              23  0.639405  0.034068  0.075446  0.251081      1.000000      0.000000      1.000000      0.000000
1     Cooperative_21      2.542392            0.745054   0.0             1.0              38  0.690068  0.054986  0.054311  0.200635      1.000000      0.316256      1.000000      0.000000
2     Cooperative_10      2.536270            0.718378   2.0             1.0              26  0.649514  0.068865  0.076527  0.205095      1.000000      0.000000      1.000000      0.000000
3          Neutral_6      2.526041            0.777905   0.0             1.0              71  0.662973  0.114932  0.078757  0.143338      1.000000      0.000000      1.000000      0.332633
4       Aggressive_1      2.523081            0.724432   0.0             1.0               0  0.649514  0.074919  0.074743  0.200824      1.000000      0.000000      1.000000      0.000000
5      Aggressive_15      2.523081            0.724432   0.0             1.0               6  0.649514  0.074919  0.074743  0.200824      1.000000      0.000000      1.000000      0.000000
6      Cooperative_1      2.523081            0.724432   0.0             1.0              25  0.649514  0.074919  0.074743  0.200824      1.000000      0.000000      1.000000      0.000000
7     Cooperative_13      2.523081            0.724432   0.0             1.0              29  0.649514  0.074919  0.074743  0.200824      1.000000      0.000000      1.000000      0.000000
8     Cooperative_15      2.523081            0.724432   0.0             1.0              31  0.649514  0.074919  0.074743  0.200824      1.000000      0.000000      1.000000      0.000000
9     Cooperative_16      2.523081            0.724432   0.0             1.0              32  0.649514  0.074919  0.074743  0.200824      1.000000      0.000000      1.000000      0.000000
10    Cooperative_17      2.523081            0.724432   0.0             1.0              33  0.649514  0.074919  0.074743  0.200824      1.000000      0.000000      1.000000      0.000000
11    Cooperative_19      2.523081            0.724432   0.0             1.0              35  0.649514  0.074919  0.074743  0.200824      1.000000      0.000000      1.000000      0.000000
12     Cooperative_2      2.523081            0.724432   0.0             1.0              36  0.649514  0.074919  0.074743  0.200824      1.000000      0.000000      1.000000      0.000000
13    Cooperative_22      2.523081            0.724432   0.0             1.0              39  0.649514  0.074919  0.074743  0.200824      1.000000      0.000000      1.000000      0.000000
14    Cooperative_23      2.523081            0.724432   0.0             1.0              40  0.649514  0.074919  0.074743  0.200824      1.000000      0.000000      1.000000      0.000000
15     Cooperative_3      2.523081            0.724432   0.0             1.0              43  0.649514  0.074919  0.074743  0.200824      1.000000      0.000000      1.000000      0.000000
16     Cooperative_4      2.523081            0.724432   0.0             1.0              44  0.649514  0.074919  0.074743  0.200824      1.000000      0.000000      1.000000      0.000000
17     Cooperative_6      2.523081            0.724432   0.0             1.0              46  0.649514  0.074919  0.074743  0.200824      1.000000      0.000000      1.000000      0.000000
18     Cooperative_7      2.523081            0.724432   0.0             1.0              47  0.649514  0.074919  0.074743  0.200824      1.000000      0.000000      1.000000      0.000000
19         Neutral_1      2.523081            0.724432   0.0             1.0              50  0.649514  0.074919  0.074743  0.200824      1.000000      0.000000      1.000000      0.000000
20        Neutral_12      2.523081            0.724432   0.0             1.0              53  0.649514  0.074919  0.074743  0.200824      1.000000      0.000000      1.000000      0.000000
21        Neutral_13      2.523081            0.724432   0.0             1.0              54  0.649514  0.074919  0.074743  0.200824      1.000000      0.000000      1.000000      0.000000
22        Neutral_15      2.523081            0.724432   0.0             1.0              56  0.649514  0.074919  0.074743  0.200824      1.000000      0.000000      1.000000      0.000000
23        Neutral_16      2.523081            0.724432   0.0             1.0              57  0.649514  0.074919  0.074743  0.200824      1.000000      0.000000      1.000000      0.000000
24        Neutral_17      2.523081            0.724432   0.0             1.0              58  0.649514  0.074919  0.074743  0.200824      1.000000      0.000000      1.000000      0.000000
25        Neutral_18      2.523081            0.724432   0.0             1.0              59  0.649514  0.074919  0.074743  0.200824      1.000000      0.000000      1.000000      0.000000
26        Neutral_21      2.523081            0.724432   0.0             1.0              63  0.649514  0.074919  0.074743  0.200824      1.000000      0.000000      1.000000      0.000000
27        Neutral_22      2.523081            0.724432   0.0             1.0              64  0.649514  0.074919  0.074743  0.200824      1.000000      0.000000      1.000000      0.000000
28         Neutral_7      2.523081            0.724432   0.0             1.0              72  0.649514  0.074919  0.074743  0.200824      1.000000      0.000000      1.000000      0.000000
29         Neutral_8      2.523081            0.724432   0.0             1.0              73  0.649514  0.074919  0.074743  0.200824      1.000000      0.000000      1.000000      0.000000
30    Cooperative_11      2.522541            0.724784   0.0             1.0              27  0.649703  0.075081  0.074554  0.200662      1.000000      0.002001      1.000000      0.001912
31    Cooperative_14      2.522243            0.725054   0.0             1.0              30  0.649784  0.075270  0.074486  0.200459      1.000000      0.043791      1.000000      0.003031
32        Neutral_10      2.507986            0.817419   0.0             1.0              51  0.725351  0.092068  0.037338  0.145243      1.000000      0.297154      1.000000      0.279630
33    Cooperative_18      2.475730            0.784405   0.0             1.0              34  0.652892  0.131514  0.075365  0.140230      1.000000      0.000000      1.000000      0.499654
34    Cooperative_20      2.475730            0.784405   0.0             1.0              37  0.652892  0.131514  0.075365  0.140230      1.000000      0.000000      1.000000      0.499654
35     Cooperative_9      2.475730            0.784405   0.0             1.0              49  0.652892  0.131514  0.075365  0.140230      1.000000      0.000000      1.000000      0.499654
36        Neutral_19      2.475730            0.784405   0.0             1.0              60  0.652892  0.131514  0.075365  0.140230      1.000000      0.000000      1.000000      0.499654
37         Neutral_3      2.475730            0.784405   0.0             1.0              68  0.652892  0.131514  0.075365  0.140230      1.000000      0.000000      1.000000      0.499654
38         Neutral_5      2.475730            0.784405   0.0             1.0              70  0.652892  0.131514  0.075365  0.140230      1.000000      0.000000      1.000000      0.499654
39      Aggressive_2      2.463527            0.640095   8.0             1.0              11  0.639459  0.000635  0.046311  0.313595      1.000000      0.000000      0.434202      0.000000
40     Aggressive_10      2.463365            0.639770   9.0             1.0               1  0.639405  0.000365  0.046230  0.314000      1.000000      0.000000      0.000000      0.000000
41        Neutral_24      2.458514            0.810649   0.0             1.0              66  0.652892  0.157757  0.077622  0.111730      1.000000      0.447785      1.000000      0.499540
42    Cooperative_24      2.449338            0.826068   0.0             1.0              41  0.717838  0.108230  0.030473  0.143459      1.000000      0.136942      1.000000      0.607616
43     Aggressive_23      2.420919            0.684811   2.0             1.0              15  0.649514  0.035297  0.039297  0.275892      1.000000      0.000000      0.884365      0.000000
44        Neutral_23      2.393041            0.888581   0.0             1.0              65  0.702757  0.185824  0.043338  0.068081      1.000000      0.846291      1.000000      0.440846
45     Cooperative_5      2.377338            0.837757   0.0             1.0              45  0.675446  0.162311  0.047189  0.115054      1.000000      0.000000      1.000000      1.000000
46         Neutral_4      2.377338            0.837757   0.0             1.0              69  0.675446  0.162311  0.047189  0.115054      1.000000      0.000000      1.000000      1.000000
47     Cooperative_8      2.346000            0.923959   0.0             1.0              48  0.709392  0.214568  0.035446  0.040595      1.000000      0.863484      1.000000      1.000000
48         Neutral_9      2.113865            0.461230  45.0             1.0              74  0.022905  0.438324  0.376595  0.162176      0.731247      0.000000      0.992328      0.499624
49     Aggressive_21      2.103068            0.351514  15.0             0.0              13  0.016068  0.335446  0.351595  0.296892      0.000000      0.000000      1.000000      0.000000
50     Aggressive_11      2.088662            0.379595   8.0             0.0               2  0.050554  0.329041  0.329149  0.291257      1.000000      0.000000      1.000000      0.000000
51      Aggressive_4      2.088662            0.379595   8.0             0.0              19  0.050554  0.329041  0.329149  0.291257      1.000000      0.000000      1.000000      0.000000
52      Aggressive_9      2.088662            0.379595   8.0             0.0              24  0.050554  0.329041  0.329149  0.291257      1.000000      0.000000      1.000000      0.000000
53      Aggressive_3      2.074527            0.379851   9.0             1.0              18  0.064811  0.315041  0.314986  0.305162      0.995722      0.564792      0.947086      0.705485
54     Aggressive_24      2.041541            0.386811  11.0             1.0              16  0.227703  0.159108  0.186311  0.426878      0.000000      0.910053      0.000000      0.883131
55        Neutral_20      1.965378            0.488108   9.0             1.0              62  0.233865  0.254243  0.187973  0.323919      0.000000      0.999415      0.000000      0.877993
56        Neutral_14      1.871176            0.286486   9.0             1.0              55  0.066608  0.219878  0.239459  0.474054      0.000000      0.258175      0.000000      0.872730
57    Cooperative_25      1.871162            0.286338   9.0             1.0              42  0.066554  0.219784  0.239459  0.474203      0.000000      0.000000      0.000000      0.885736
58     Aggressive_12      1.868162            0.579162   9.0             1.0               3  0.236459  0.342703  0.184486  0.236351      0.000000      1.000000      0.000000      1.000000
59         Neutral_2      1.822757            0.293486  55.0             1.0              61  0.205595  0.087892  0.124865  0.581649      0.997054      0.000000      0.886210      0.277441
60     Aggressive_22      1.813946            0.241081  23.0             0.0              14  0.029297  0.211784  0.241784  0.517135      0.000000      0.000000      0.000000      0.492527
61     Aggressive_18      1.791554            0.187838  26.0             0.0               9  0.030986  0.156851  0.221608  0.590554      1.000000      0.000000      0.000000      0.330183
62        Neutral_11      1.774824            0.380838   9.0             1.0              52  0.066554  0.314284  0.239000  0.380162      0.000000      0.000000      0.000000      1.000000
63        Neutral_25      1.774824            0.380838   9.0             1.0              67  0.066554  0.314284  0.239000  0.380162      0.000000      0.000000      0.000000      1.000000
64    Cooperative_12      1.532311            0.003000  58.0             1.0              28  0.001824  0.001176  0.132459  0.864541      0.000000      0.890710      0.000000      0.022025
65     Aggressive_13      1.530608            0.001000  62.0             1.0               4  0.000824  0.000176  0.132284  0.866716      0.000000      0.000000      0.000000      0.000000
66     Aggressive_17      1.530608            0.001000  62.0             1.0               8  0.000824  0.000176  0.132284  0.866716      0.000000      0.000000      0.000000      0.000000
67     Aggressive_14      1.530162            0.000000  64.0             0.0               5  0.000000  0.000000  0.132541  0.867459      0.000000      0.000000      0.000000      0.000000
68     Aggressive_19      1.530162            0.000000  64.0             0.0              10  0.000000  0.000000  0.132541  0.867459      0.000000      0.000000      0.000000      0.000000
69     Aggressive_25      1.530162            0.000000  64.0             0.0              17  0.000000  0.000000  0.132541  0.867459      0.000000      0.000000      0.000000      0.000000
70      Aggressive_7      1.530162            0.000000  64.0             0.0              22  0.000000  0.000000  0.132541  0.867459      0.000000      0.000000      0.000000      0.000000
71      Aggressive_6      1.477257            0.010500  64.0             0.0              21  0.007432  0.003068  0.116365  0.873135      0.000000      0.000000      0.355275      0.000000
72     Aggressive_20      1.448514            0.039203  64.0             0.0              12  0.031905  0.007297  0.098000  0.862797      1.000000      0.000000      0.409030      0.000000
73     Aggressive_16      1.442473            0.066257  50.0             1.0               7  0.065216  0.001041  0.078270  0.855473      0.000000      0.500000      0.000000      0.163691
74      Aggressive_5      1.431568            0.130784  64.0             0.0              20  0.019973  0.110811  0.125608  0.743608      0.750000      0.000000      0.926816      0.000000