Normalised cooperation:
column       Aggressive  Cooperative   Neutral
index                                         
Aggressive     0.376024     0.611754  0.603886
Cooperative    0.656205     0.992470  0.973970
Neutral        0.665526     0.974522  0.954514

Payoffs:
column       Aggressive  Cooperative   Neutral
index                                         
Aggressive     1.768566     2.416480  2.477751
Cooperative    2.194224     2.985438  2.967979
Neutral        2.169553     2.965219  2.947786

Results Summary:
                Name  Median_score  Cooperation_rating  Wins  Initial_C_rate  Original_index   CC_rate   CD_rate   DC_rate   DD_rate  CC_to_C_rate  CD_to_C_rate  DC_to_C_rate  DD_to_C_rate
Rank                                                                                                                                                                                        
0     Cooperative_19      2.739676            0.861446  34.0             1.0              35  0.860446  0.001000  0.004946  0.133608      0.999452      0.500000      0.000000      0.000000
1       Aggressive_6      2.733149            0.855203   1.0             1.0              21  0.847865  0.007338  0.011189  0.133608      1.000000      0.000000      1.000000      0.000000
2         Neutral_21      2.730014            0.870345  42.0             1.0              63  0.843148  0.027197  0.017728  0.111926      0.999021      0.000000      0.995436      0.096187
3      Cooperative_9      2.726851            0.867676   0.0             1.0              49  0.861203  0.006473  0.002730  0.129595      1.000000      0.494583      1.000000      0.000000
4     Cooperative_14      2.726122            0.858149  27.0             1.0              30  0.847514  0.010635  0.010432  0.131419      0.999492      0.000000      1.000000      0.000000
5     Cooperative_17      2.726122            0.858149  27.0             1.0              33  0.847514  0.010635  0.010432  0.131419      0.999492      0.000000      1.000000      0.000000
6          Neutral_1      2.726122            0.858149  27.0             1.0              50  0.847514  0.010635  0.010432  0.131419      0.999492      0.000000      1.000000      0.000000
7          Neutral_7      2.726122            0.858149  27.0             1.0              72  0.847514  0.010635  0.010432  0.131419      0.999492      0.000000      1.000000      0.000000
8     Cooperative_10      2.725622            0.857676  33.0             1.0              26  0.847081  0.010595  0.010514  0.131811      0.999443      0.000000      1.000000      0.000000
9          Neutral_6      2.725622            0.857676  33.0             1.0              71  0.847081  0.010595  0.010514  0.131811      0.999443      0.000000      1.000000      0.000000
10      Aggressive_1      2.725284            0.858581   0.0             1.0               0  0.847865  0.010716  0.010068  0.131351      1.000000      0.000000      1.000000      0.000000
11     Aggressive_12      2.725284            0.858581   0.0             1.0               3  0.847865  0.010716  0.010068  0.131351      1.000000      0.000000      1.000000      0.000000
12     Aggressive_13      2.725284            0.858581   0.0             1.0               4  0.847865  0.010716  0.010068  0.131351      1.000000      0.000000      1.000000      0.000000
13      Aggressive_2      2.725284            0.858581   0.0             1.0              11  0.847865  0.010716  0.010068  0.131351      1.000000      0.000000      1.000000      0.000000
14     Aggressive_21      2.725284            0.858581   0.0             1.0              13  0.847865  0.010716  0.010068  0.131351      1.000000      0.000000      1.000000      0.000000
15     Aggressive_22      2.725284            0.858581   0.0             1.0              14  0.847865  0.010716  0.010068  0.131351      1.000000      0.000000      1.000000      0.000000
16      Aggressive_4      2.725284            0.858581   0.0             1.0              19  0.847865  0.010716  0.010068  0.131351      1.000000      0.000000      1.000000      0.000000
17      Aggressive_5      2.725284            0.858581   0.0             1.0              20  0.847865  0.010716  0.010068  0.131351      1.000000      0.000000      1.000000      0.000000
18      Aggressive_7      2.725284            0.858581   0.0             1.0              22  0.847865  0.010716  0.010068  0.131351      1.000000      0.000000      1.000000      0.000000
19    Cooperative_12      2.725284            0.858581   0.0             1.0              28  0.847865  0.010716  0.010068  0.131351      1.000000      0.000000      1.000000      0.000000
20    Cooperative_25      2.725284            0.858581   0.0             1.0              42  0.847865  0.010716  0.010068  0.131351      1.000000      0.000000      1.000000      0.000000
21     Cooperative_6      2.725284            0.858581   0.0             1.0              46  0.847865  0.010716  0.010068  0.131351      1.000000      0.000000      1.000000      0.000000
22         Neutral_2      2.725284            0.858581   0.0             1.0              61  0.847865  0.010716  0.010068  0.131351      1.000000      0.000000      1.000000      0.000000
23         Neutral_3      2.725284            0.858581   0.0             1.0              68  0.847865  0.010716  0.010068  0.131351      1.000000      0.000000      1.000000      0.000000
24         Neutral_4      2.725284            0.858581   0.0             1.0              69  0.847865  0.010716  0.010068  0.131351      1.000000      0.000000      1.000000      0.000000
25        Neutral_12      2.725122            0.857135  37.0             1.0              53  0.846608  0.010527  0.010608  0.132257      0.999379      0.000000      0.998661      0.000000
26        Neutral_23      2.725122            0.857135  37.0             1.0              65  0.846608  0.010527  0.010608  0.132257      0.999379      0.000000      0.998661      0.000000
27    Cooperative_16      2.725108            0.878000  43.0             1.0              32  0.842838  0.035162  0.018649  0.103351      0.998990      0.000000      0.996787      0.186444
28        Neutral_20      2.723297            0.856500  40.0             1.0              62  0.845554  0.010946  0.010784  0.132716      0.999362      0.000000      0.997323      0.100623
29     Aggressive_18      2.719824            0.853014  43.0             1.0               9  0.842838  0.010176  0.011081  0.135905      0.998990      0.000000      0.995327      0.000000
30     Aggressive_23      2.719824            0.853014  43.0             1.0              15  0.842838  0.010176  0.011081  0.135905      0.998990      0.000000      0.995327      0.000000
31    Cooperative_15      2.719824            0.853014  43.0             1.0              31  0.842838  0.010176  0.011081  0.135905      0.998990      0.000000      0.995327      0.000000
32     Cooperative_2      2.719824            0.853014  43.0             1.0              36  0.842838  0.010176  0.011081  0.135905      0.998990      0.000000      0.995327      0.000000
33    Cooperative_21      2.719824            0.853014  43.0             1.0              38  0.842838  0.010176  0.011081  0.135905      0.998990      0.000000      0.995327      0.000000
34    Cooperative_22      2.719824            0.853014  43.0             1.0              39  0.842838  0.010176  0.011081  0.135905      0.998990      0.000000      0.995327      0.000000
35    Cooperative_23      2.719824            0.853014  43.0             1.0              40  0.842838  0.010176  0.011081  0.135905      0.998990      0.000000      0.995327      0.000000
36     Cooperative_4      2.719824            0.853014  43.0             1.0              44  0.842838  0.010176  0.011081  0.135905      0.998990      0.000000      0.995327      0.000000
37     Cooperative_8      2.719824            0.853014  43.0             1.0              48  0.842838  0.010176  0.011081  0.135905      0.998990      0.000000      0.995327      0.000000
38        Neutral_13      2.719824            0.853014  43.0             1.0              54  0.842838  0.010176  0.011081  0.135905      0.998990      0.000000      0.995327      0.000000
39        Neutral_24      2.719824            0.853014  43.0             1.0              66  0.842838  0.010176  0.011081  0.135905      0.998990      0.000000      0.995327      0.000000
40    Cooperative_11      2.719757            0.853135  43.0             1.0              27  0.842838  0.010297  0.011095  0.135770      0.998990      0.000000      0.995327      0.001003
41     Cooperative_7      2.713797            0.893554  36.0             1.0              47  0.849297  0.044257  0.014865  0.091581      0.999389      0.000000      0.999493      0.198280
42        Neutral_25      2.713730            0.895378   0.0             1.0              67  0.850568  0.044811  0.014351  0.090270      1.000000      0.000000      1.000000      0.333181
43     Aggressive_14      2.713216            0.848541   1.0             1.0               5  0.847865  0.000676  0.004541  0.146919      1.000000      0.000000      0.666667      0.000000
44     Aggressive_16      2.713135            0.848514   1.0             1.0               7  0.847865  0.000649  0.004514  0.146973      1.000000      0.000000      0.000000      0.000000
45     Cooperative_1      2.712946            0.847095  37.0             1.0              25  0.846608  0.000486  0.005054  0.147851      0.999379      0.000000      0.500000      0.000000
46        Neutral_15      2.712419            0.855149  42.0             1.0              56  0.845514  0.009635  0.007757  0.137095      0.998927      0.000000      0.999327      0.033848
47        Neutral_22      2.708973            0.888811  42.0             1.0              64  0.845514  0.043297  0.015311  0.095878      0.998927      0.000000      0.998984      0.312462
48         Neutral_8      2.708973            0.888811  42.0             1.0              73  0.845514  0.043297  0.015311  0.095878      0.998927      0.000000      0.998984      0.312462
49     Aggressive_19      2.708662            0.850446   1.0             1.0              10  0.847865  0.002581  0.003878  0.145676      1.000000      0.000000      0.501754      0.000000
50        Neutral_18      2.704662            0.913054  42.0             1.0              59  0.862230  0.050824  0.007757  0.079189      0.998724      0.498302      0.997980      0.309665
51        Neutral_17      2.698270            0.903811   0.0             1.0              58  0.847865  0.055946  0.014622  0.081568      1.000000      0.000000      1.000000      0.497121
52         Neutral_9      2.698270            0.903811   0.0             1.0              74  0.847865  0.055946  0.014622  0.081568      1.000000      0.000000      1.000000      0.497121
53    Cooperative_18      2.694500            0.897730  41.0             1.0              34  0.843392  0.054338  0.015514  0.086757      0.999343      0.000000      0.999491      0.465981
54        Neutral_11      2.688865            0.931095  27.0             1.0              52  0.862905  0.068189  0.007811  0.061095      0.999348      0.411409      1.000000      0.499657
55        Neutral_16      2.687865            0.931662   0.0             1.0              57  0.863284  0.068378  0.007419  0.060919      1.000000      0.421083      1.000000      0.500000
56     Cooperative_5      2.679743            0.922068   0.0             1.0              45  0.847865  0.074203  0.014554  0.063378      1.000000      0.000000      1.000000      0.982998
57         Neutral_5      2.678608            0.923500  27.0             1.0              70  0.847514  0.075986  0.014892  0.061608      0.999492      0.000000      1.000000      0.978571
58    Cooperative_20      2.677689            0.924014   0.0             1.0              37  0.847865  0.076149  0.014527  0.061459      1.000000      0.000000      1.000000      1.000000
59        Neutral_19      2.677689            0.924014   0.0             1.0              60  0.847865  0.076149  0.014527  0.061459      1.000000      0.000000      1.000000      1.000000
60    Cooperative_13      2.674095            0.916419  42.0             1.0              29  0.842838  0.073581  0.015500  0.068081      0.998990      0.000000      0.996778      0.918283
61    Cooperative_24      2.674095            0.916419  42.0             1.0              41  0.842838  0.073581  0.015500  0.068081      0.998990      0.000000      0.996778      0.918283
62     Cooperative_3      2.674095            0.916419  42.0             1.0              43  0.842838  0.073581  0.015500  0.068081      0.998990      0.000000      0.996778      0.918283
63        Neutral_10      2.674095            0.916419  42.0             1.0              51  0.842838  0.073581  0.015500  0.068081      0.998990      0.000000      0.996778      0.918283
64        Neutral_14      2.231649            0.418135  39.0             0.0              55  0.026703  0.391432  0.392419  0.189446      0.998988      0.000000      0.982750      0.000000
65     Aggressive_20      1.793777            0.215682  42.0             0.0              12  0.016404  0.199278  0.240066  0.544252      0.000000      0.000000      0.000000      0.438882
66      Aggressive_3      1.436122            0.156287  66.0             0.0              18  0.039932  0.116355  0.118134  0.725578      1.000000      0.000000      0.878332      0.000000
67     Aggressive_11      1.433905            0.001000  60.0             0.0               2  0.000014  0.000986  0.108729  0.890271      0.000000      0.000000      0.023251      0.001043
68     Aggressive_25      1.432865            0.004081  66.0             0.0              17  0.003946  0.000135  0.106306  0.889613      1.000000      0.000000      0.002013      0.002090
69     Aggressive_10      1.432865            0.000000  66.0             0.0               1  0.000000  0.000000  0.108177  0.891823      0.000000      0.000000      0.000000      0.000000
70     Aggressive_24      1.432757            0.000000  66.0             0.0              16  0.000000  0.000000  0.108174  0.891826      0.000000      0.000000      0.000000      0.000000
71     Aggressive_15      1.432568            0.000000  66.0             0.0               6  0.000000  0.000000  0.108149  0.891851      0.000000      0.000000      0.000000      0.000000
72      Aggressive_8      1.432568            0.000000  66.0             0.0              23  0.000000  0.000000  0.108136  0.891864      0.000000      0.000000      0.000000      0.000000
73      Aggressive_9      1.432514            0.000000  66.0             0.0              24  0.000000  0.000000  0.108146  0.891854      0.000000      0.000000      0.000000      0.000000
74     Aggressive_17      1.428784            0.024272  65.0             0.0               8  0.003635  0.020637  0.110558  0.865170      0.000000      0.000000      0.284285      0.000000